runs/test/tittling.grid
ncols        261
nrows        241
xllcorner    4597475.0000
yllcorner    5396475.0000
cellsize     50.0000
NODATA_value -9999
[rows 204 to 237 of 241, columns 154 to 230 of 261]
414.0 410.9 411.6 414.2 417.3 423.1 429.0 431.8 433.7 436.3 437.7 438.3 441.2 445.3 449.3 453.0 454.4 455.2 457.1 457.4 454.2 449.6 445.6 443.6 443.5 445.2 446.6 444.9 439.2 427.7 414.1 410.2 415.8 419.0 417.2 412.5 404.9 392.2 366.9 342.3 335.7 338.7 351.2 372.7 385.7 378.3 362.0 351.5 348.2 351.6 357.7 366.6 384.9 406.0 419.5 434.1 457.1 470.8 468.9 464.9 463.0 459.6 451.8 443.1 437.2 432.7 429.5 428.5 427.3 426.4 429.1 433.3 436.6 438.6 439.4 437.7 433.0
419.1 412.4 410.8 416.2 425.0 433.7 439.8 441.8 442.0 442.6 443.6 444.2 445.3 446.6 448.6 451.9 455.3 459.0 462.4 463.9 462.3 459.5 456.8 455.5 455.0 455.3 455.8 452.3 441.7 428.0 420.3 420.4 422.2 420.7 416.2 410.8 405.4 395.6 371.7 345.6 337.8 341.7 352.6 370.2 388.1 395.1 390.5 384.6 380.8 378.9 382.4 390.8 406.2 425.4 436.8 446.9 469.5 483.5 478.9 472.0 467.4 463.2 457.5 450.4 443.7 437.8 433.3 431.0 430.4 428.9 428.4 431.0 434.9 438.1 440.3 438.2 431.7
420.2 411.7 411.3 422.2 435.4 444.1 450.3 452.7 451.8 451.2 451.0 450.9 451.4 451.4 452.2 455.0 458.7 462.0 465.8 470.0 472.0 471.1 469.1 467.7 466.1 462.0 455.1 446.0 436.3 432.1 432.1 429.7 424.5 418.6 408.3 396.8 389.0 384.8 370.3 347.8 337.8 345.1 358.2 372.5 388.2 401.6 408.4 412.4 411.4 405.7 407.6 416.5 428.6 444.3 457.3 468.2 485.8 491.4 485.4 478.3 470.5 462.2 456.1 452.0 448.0 442.6 436.4 432.6 431.9 431.0 429.1 428.7 431.1 435.4 438.9 437.1 431.2
418.0 411.4 411.8 425.2 442.3 453.2 458.9 461.6 460.7 458.8 458.0 457.5 457.3 456.8 457.6 460.5 464.2 467.4 471.2 476.2 480.2 481.2 479.8 477.1 471.5 462.5 453.5 447.5 444.1 444.4 443.3 435.0 424.2 416.9 406.7 391.7 377.7 367.9 356.3 340.8 336.5 347.9 365.6 378.7 390.7 406.1 419.6 429.8 433.4 430.9 434.3 443.1 451.6 462.9 477.8 488.3 494.4 494.7 488.0 479.4 468.2 456.6 449.1 446.2 445.6 442.1 435.7 433.0 433.6 433.4 432.3 431.2 430.7 432.9 437.5 440.1 438.7
418.5 410.8 412.4 424.5 438.5 448.2 454.3 459.2 461.8 463.0 462.5 459.7 457.7 456.9 458.0 461.5 465.6 469.5 473.9 479.2 484.8 488.6 489.3 486.8 480.3 471.4 463.9 458.6 455.1 453.8 447.7 433.4 416.5 401.1 387.1 376.5 367.2 354.5 343.3 337.7 341.8 357.6 379.5 393.2 402.3 413.2 424.4 435.5 444.7 451.7 458.2 463.9 469.5 478.0 489.9 496.8 496.0 492.1 485.9 477.3 466.3 456.5 449.5 444.6 441.1 437.9 435.3 434.7 435.4 435.7 435.3 434.1 432.8 432.8 435.6 440.3 442.8
413.9 412.4 415.5 421.1 429.3 437.8 444.8 451.3 455.8 458.1 456.5 451.2 448.3 449.3 452.6 457.6 463.6 469.1 473.7 479.2 485.8 492.6 496.2 495.3 490.4 483.8 476.5 468.7 461.4 456.6 448.4 432.1 412.0 389.2 367.6 355.4 349.3 340.5 335.2 337.5 347.6 366.1 388.5 405.5 417.9 425.9 432.2 440.9 449.0 455.3 461.6 467.6 473.7 481.0 489.5 493.8 492.7 489.6 483.7 474.2 463.7 455.7 450.1 445.6 442.0 439.8 438.9 438.6 438.3 438.0 437.1 436.7 437.3 436.4 434.7 438.1 444.3
416.0 422.6 428.1 429.1 431.8 437.3 443.4 449.2 452.5 452.4 447.8 442.1 441.1 445.3 451.7 458.2 464.2 469.5 474.5 479.1 483.8 489.5 492.7 493.0 490.4 484.5 478.6 474.6 467.6 458.8 445.5 423.3 401.3 383.9 363.4 344.5 336.5 335.1 341.0 350.6 362.0 380.1 399.2 416.3 429.9 436.1 438.6 441.2 445.2 450.0 456.2 463.0 469.7 476.4 484.1 489.1 490.3 489.2 483.7 474.1 464.8 458.8 454.7 450.6 446.8 444.7 443.9 442.9 441.8 441.3 440.8 440.7 441.3 440.5 436.9 437.0 443.2
413.9 419.9 429.6 432.5 434.5 439.1 444.0 448.3 450.2 447.2 439.8 436.4 440.6 447.4 454.7 462.5 469.6 473.9 476.7 479.9 483.1 486.3 488.2 488.6 485.2 476.6 467.6 462.6 458.3 455.1 445.4 424.1 402.2 384.1 361.8 340.5 336.8 347.9 365.5 377.0 385.1 396.9 408.7 419.2 428.7 433.8 434.0 434.4 438.5 445.3 453.1 460.8 467.6 473.7 479.7 484.9 488.5 489.4 485.7 478.2 470.2 464.0 459.1 454.6 450.1 447.1 447.0 447.1 445.9 444.8 444.9 445.0 445.1 445.4 442.1 438.6 440.5
410.6 409.4 417.6 423.8 428.3 434.0 439.0 443.5 446.1 443.0 435.7 434.5 441.0 448.2 455.8 464.3 473.2 480.7 484.9 486.6 487.4 488.9 489.5 488.1 483.4 474.7 463.9 453.8 446.2 443.6 440.8 431.5 414.1 389.5 359.4 337.5 342.1 365.8 390.5 400.2 403.7 411.6 420.4 427.0 429.7 429.0 430.2 435.4 442.1 448.8 456.0 463.5 470.0 475.4 479.9 483.6 486.1 487.6 486.5 481.8 475.6 469.4 463.8 459.7 454.9 450.3 450.5 452.3 451.1 448.1 447.3 447.7 448.1 448.0 444.4 439.8 438.2
412.0 408.2 417.6 428.2 433.5 437.3 440.4 443.4 445.2 442.5 434.9 431.4 437.6 447.0 456.2 464.9 474.0 482.4 488.5 490.6 490.4 490.8 489.8 486.4 479.2 469.1 458.5 447.2 435.5 425.9 423.7 425.8 416.6 392.9 359.7 335.9 340.5 361.3 386.1 400.4 406.8 414.6 423.4 427.6 425.7 425.0 429.8 437.4 444.5 451.6 459.3 466.6 472.8 478.6 483.1 485.2 485.0 483.9 480.8 475.9 471.6 466.6 460.7 457.5 455.8 453.2 452.5 453.3 453.2 451.9 451.7 451.6 450.5 449.5 446.9 442.6 440.2
415.5 407.9 416.8 429.3 435.6 439.8 441.5 442.5 444.4 443.8 435.5 427.2 432.2 444.6 455.8 464.8 473.1 479.4 484.7 488.4 490.1 492.9 492.4 489.1 481.3 468.7 458.4 450.7 440.6 425.0 411.6 406.7 404.3 396.0 372.1 345.0 338.1 351.5 372.1 389.5 401.9 412.1 418.8 420.2 420.6 426.0 434.1 441.9 449.2 456.1 463.8 471.1 477.3 483.7 488.6 489.6 487.2 481.9 473.6 465.6 461.5 457.7 452.0 448.8 449.5 451.9 454.3 455.3 455.3 454.7 454.3 452.9 450.5 450.0 448.9 444.2 440.9
415.8 406.1 414.8 426.5 430.8 433.1 434.6 436.9 439.9 441.2 433.2 422.7 426.8 440.0 452.0 459.8 464.9 469.9 475.9 483.8 490.4 493.4 493.2 491.2 484.8 474.1 463.8 455.7 445.5 432.5 416.0 396.0 381.7 377.5 370.5 353.7 338.7 339.1 353.9 371.4 388.2 402.1 410.3 413.6 418.5 428.2 439.4 449.2 457.2 464.2 470.2 476.1 481.1 486.4 491.1 490.6 484.9 478.3 469.6 460.5 453.1 447.1 443.2 443.2 446.8 450.0 451.8 453.5 455.0 455.6 454.9 452.9 450.8 450.4 448.2 443.4 443.1
412.3 404.0 408.9 418.5 423.8 427.3 430.1 432.4 433.6 432.4 424.7 416.8 421.5 432.0 441.4 449.4 456.5 464.8 474.5 483.7 490.3 494.1 494.9 492.6 485.7 474.6 462.9 452.0 439.5 428.5 417.2 401.0 385.6 372.6 359.9 346.6 336.4 334.5 342.3 356.0 373.8 389.5 400.7 409.5 419.4 430.5 441.8 453.2 463.3 471.7 478.3 482.9 485.7 488.5 490.7 488.9 481.8 472.5 463.3 455.4 447.9 441.5 439.0 440.6 443.8 446.4 448.2 450.6 453.3 454.1 452.4 450.3 448.6 447.7 445.0 442.0 445.2
401.8 401.9 409.5 418.3 425.1 430.3 433.0 434.3 433.4 427.3 416.8 410.4 415.6 425.6 435.6 444.9 454.2 465.5 477.5 487.0 493.1 497.6 498.3 495.0 487.6 477.3 466.0 453.5 440.0 430.0 419.9 405.8 393.4 381.9 365.4 346.6 335.7 333.8 338.0 348.2 365.3 381.0 393.9 408.1 423.0 435.2 445.7 456.0 465.6 473.8 481.3 487.2 489.8 490.7 490.9 489.4 483.8 474.1 463.7 456.2 450.6 444.1 437.9 436.7 440.1 443.5 446.2 448.7 452.1 454.6 453.2 450.9 449.4 447.9 446.0 445.7 447.7
395.8 402.6 415.9 424.5 429.0 432.5 434.5 435.7 434.9 428.4 415.7 407.3 411.0 418.7 427.4 438.6 450.8 463.4 477.3 488.9 495.8 501.9 504.3 500.0 492.0 481.8 469.3 456.5 445.6 436.9 427.7 415.2 401.2 387.6 370.4 349.9 335.6 334.0 335.9 343.2 359.7 377.6 394.0 411.2 426.3 437.5 446.6 455.1 463.6 470.9 478.0 484.5 488.7 489.2 487.6 485.5 481.8 475.5 467.1 459.6 452.9 444.8 436.1 433.7 438.1 442.4 445.2 448.3 451.7 453.7 453.7 453.9 454.7 453.4 451.6 451.5 451.2
395.3 398.2 412.0 423.0 426.5 428.5 429.8 431.2 431.7 427.2 415.4 404.8 404.8 409.9 418.1 428.7 440.6 455.3 471.4 483.8 491.8 501.6 508.5 506.2 498.9 489.5 476.7 463.9 453.7 444.3 435.5 425.5 411.7 397.5 381.5 359.7 340.5 332.9 334.1 340.4 355.5 374.3 392.6 408.5 420.1 429.1 437.1 443.9 451.5 460.2 468.6 475.8 481.1 484.7 484.1 480.1 475.6 471.5 466.1 460.5 455.4 448.4 440.0 435.5 437.4 441.2 443.9 447.0 449.4 450.4 452.7 455.7 457.6 458.1 457.9 456.8 454.8
398.2 387.6 392.3 404.9 412.6 417.1 420.8 424.5 426.5 424.4 414.8 401.2 394.8 398.1 407.6 419.0 430.8 445.5 462.3 476.6 487.0 497.7 506.1 508.9 505.3 497.3 485.6 473.5 463.8 452.7 440.1 427.4 413.1 401.2 390.7 374.0 352.8 337.3 333.6 337.0 346.7 362.8 380.2 394.2 405.8 415.0 423.5 431.7 440.8 451.3 460.9 469.4 476.6 481.7 481.9 476.6 468.1 461.0 456.1 453.2 451.2 448.3 443.5 438.3 436.4 439.6 444.0 446.3 447.7 450.3 454.1 456.8 458.4 460.1 460.9 460.2 458.5
403.4 389.1 384.4 389.1 397.0 406.7 415.6 421.3 421.1 416.8 408.6 398.2 390.2 389.7 398.8 411.5 424.2 437.4 451.0 464.5 476.5 487.6 496.3 501.8 501.9 498.5 490.7 481.0 471.4 456.5 438.8 425.9 413.0 400.7 395.3 387.7 369.9 348.3 336.1 333.6 338.2 351.5 370.5 386.2 399.0 409.4 419.0 428.8 437.9 447.2 456.7 466.0 473.4 478.3 479.1 475.2 467.2 456.8 447.6 442.9 441.7 440.5 437.3 433.0 433.0 438.3 443.7 445.7 447.8 451.4 454.7 457.1 459.2 461.1 462.3 462.6 461.6
394.4 390.2 386.2 381.0 382.7 394.3 410.5 421.6 421.5 415.7 409.7 403.9 394.4 385.8 390.9 404.3 417.1 428.6 439.1 450.9 464.2 476.1 482.8 486.3 486.6 485.5 481.5 473.8 464.1 451.6 437.5 427.1 419.2 410.2 403.9 399.2 389.2 368.3 348.4 336.4 333.6 342.8 365.4 387.3 402.5 414.0 424.4 434.7 445.1 454.3 462.3 469.6 474.8 477.8 475.9 469.5 460.7 451.4 444.3 438.8 435.9 434.4 431.5 429.6 432.3 436.8 440.1 443.0 446.4 449.9 453.3 456.1 458.6 461.1 463.8 465.4 464.6
400.6 404.2 401.3 388.7 378.2 381.2 397.4 414.0 421.0 422.8 421.2 415.1 401.2 384.1 382.5 394.5 406.1 415.7 425.7 437.7 451.1 462.7 468.3 471.3 473.0 474.5 471.6 462.3 450.3 439.1 426.1 413.3 404.8 400.5 398.0 395.5 390.2 379.6 361.3 342.0 332.4 337.5 361.7 388.9 407.1 420.4 432.6 444.1 455.5 464.8 472.4 478.6 480.8 479.6 476.5 470.9 459.9 449.9 443.0 435.6 431.1 429.3 427.1 426.7 431.5 437.1 440.4 443.8 447.4 450.3 452.5 454.5 456.4 458.4 461.2 463.2 463.9
411.6 417.2 414.8 402.5 385.8 375.6 382.5 400.9 415.5 422.9 424.6 421.1 407.8 385.9 376.7 384.5 396.1 406.7 418.0 429.5 440.2 449.2 452.6 455.9 461.1 465.5 465.1 458.3 446.0 433.6 423.7 416.0 407.9 398.1 388.0 379.7 374.2 373.6 365.8 346.8 333.5 337.7 363.0 392.2 412.1 428.1 442.5 451.7 458.4 467.5 477.5 484.9 486.7 484.0 479.0 472.0 460.1 446.4 436.1 429.5 426.3 425.0 423.7 424.6 432.9 442.3 445.9 447.3 449.2 450.4 450.9 450.6 450.0 452.5 456.6 458.9 460.4
416.6 420.8 421.1 414.9 400.5 382.3 374.9 386.3 404.2 415.0 418.2 415.8 404.4 385.0 375.1 379.6 389.3 399.7 411.7 422.6 429.9 434.9 438.5 444.7 452.1 457.9 459.0 454.2 445.4 439.2 436.0 431.0 422.1 410.7 398.7 389.9 387.2 387.6 373.9 347.9 332.4 338.1 367.2 397.3 415.0 427.0 439.0 449.6 458.5 467.8 477.4 485.6 489.1 486.5 479.3 472.3 463.6 452.2 441.9 434.6 429.3 424.9 421.2 422.0 430.6 439.1 443.2 445.2 446.0 445.6 445.0 444.2 444.4 448.1 452.4 455.2 458.1
417.8 420.9 421.0 416.0 402.9 384.8 372.4 373.3 384.9 397.2 402.9 401.8 394.0 381.5 372.5 374.2 383.4 394.1 404.5 412.5 416.5 422.4 430.0 438.9 447.7 454.8 458.0 456.7 453.9 451.5 448.4 443.3 435.9 424.4 410.9 401.8 398.0 391.8 369.8 343.5 330.5 339.5 371.0 401.4 420.4 431.5 440.4 449.5 458.3 465.6 472.7 479.0 482.6 479.8 472.8 465.9 458.7 451.8 446.0 440.6 434.6 427.6 420.1 419.0 427.4 434.9 437.9 439.6 441.3 440.8 439.9 439.7 442.3 447.4 452.4 456.8 460.3
416.2 417.1 413.3 405.7 395.4 385.2 375.6 369.4 371.0 376.1 378.9 379.3 377.1 372.4 366.3 365.5 373.8 383.3 390.2 397.5 406.3 415.9 426.4 438.3 450.3 460.4 465.2 465.0 463.1 460.9 457.7 453.2 444.5 429.1 412.7 403.1 399.1 388.3 363.6 340.3 332.0 341.5 372.2 401.3 420.0 433.4 444.3 453.4 460.3 466.9 472.4 475.6 476.2 474.4 468.4 460.8 452.5 443.8 438.0 435.2 432.4 427.3 420.7 418.3 422.6 428.0 432.2 435.6 437.9 438.2 436.9 437.3 443.0 449.7 455.3 460.5 464.5
419.9 415.5 407.4 401.6 398.7 395.6 388.2 377.0 369.4 366.7 365.1 364.0 363.2 363.0 362.6 362.4 365.2 369.3 375.0 386.1 400.9 415.3 428.4 441.4 454.0 464.7 470.4 472.3 471.8 468.9 464.3 458.6 448.2 431.4 410.1 391.9 382.3 371.9 352.3 335.6 331.4 342.7 372.3 398.0 413.8 426.2 437.3 448.1 457.6 466.1 472.5 476.2 476.7 475.4 470.4 463.3 456.0 448.6 441.5 435.1 429.7 425.5 420.8 416.9 418.3 422.7 426.5 430.9 435.1 436.6 434.7 435.7 444.2 452.0 457.4 463.1 467.9
424.9 416.7 408.9 408.6 410.5 408.0 399.7 388.1 380.6 378.4 376.2 371.5 365.6 362.6 362.8 362.7 362.6 362.8 366.0 376.6 393.8 411.7 426.9 441.4 454.9 464.8 469.7 471.3 468.1 459.7 450.8 445.3 440.2 431.9 417.4 400.8 385.6 365.3 342.7 331.9 334.6 349.0 378.8 403.0 417.9 427.9 436.3 446.3 456.4 465.8 473.0 478.2 480.6 479.8 475.4 469.2 462.1 454.9 447.1 439.3 433.6 431.0 426.3 418.5 414.6 417.7 422.9 427.7 431.6 432.5 429.9 431.6 441.7 450.2 456.4 463.2 468.9
429.2 422.7 417.5 417.7 419.3 416.6 408.2 398.7 392.9 390.4 388.6 384.6 378.9 374.3 369.8 365.5 362.5 359.9 359.9 366.4 383.0 404.4 423.0 437.5 450.3 459.9 465.1 466.0 461.1 449.5 435.3 425.1 418.9 415.0 410.8 405.1 391.0 361.1 335.7 328.8 337.9 363.8 396.9 417.7 428.1 435.6 442.7 451.1 459.8 467.5 473.7 478.6 482.1 483.5 482.1 476.1 468.2 460.3 451.4 443.1 437.4 433.8 427.9 418.9 412.8 414.0 419.8 424.3 427.9 427.7 425.0 428.5 440.0 449.3 454.9 458.2 460.7
432.3 431.2 427.7 425.1 424.7 422.3 415.3 407.1 402.4 400.6 399.0 397.0 394.4 389.1 382.6 375.6 368.3 364.2 361.0 361.3 375.3 398.4 417.5 429.9 439.3 448.2 455.3 459.1 455.3 444.9 430.4 416.1 404.7 396.3 390.2 385.7 372.3 347.3 331.4 332.2 348.7 379.1 410.0 427.4 437.3 445.5 451.7 458.4 466.2 473.4 478.4 481.8 483.7 484.9 484.4 480.7 474.3 466.3 455.3 444.6 436.9 431.0 424.7 417.4 411.7 411.1 416.6 422.3 426.5 425.8 420.9 424.9 437.3 446.1 449.1 446.5 442.3
436.6 436.9 434.4 430.5 427.4 422.1 414.1 409.5 412.1 414.1 411.2 407.4 403.8 399.3 396.9 392.6 382.6 372.8 363.5 358.9 369.1 389.7 408.8 420.6 427.5 434.6 443.2 452.1 454.1 447.4 433.5 416.6 401.1 388.0 380.3 374.3 358.5 337.9 331.4 340.4 360.5 386.5 410.2 424.8 435.9 447.8 457.4 464.7 471.5 478.0 482.9 485.7 486.0 484.5 481.8 479.2 475.3 467.4 455.8 444.8 436.7 430.4 425.4 419.9 412.5 409.2 414.5 420.8 424.5 423.2 417.9 420.3 429.8 435.3 433.4 424.2 417.5
441.4 442.0 439.7 435.2 430.1 423.7 418.0 417.7 422.5 423.8 420.7 417.8 414.6 411.3 411.5 407.7 396.3 384.3 371.8 361.1 362.3 376.2 393.3 405.8 415.3 425.8 436.4 446.1 451.2 450.1 439.7 425.6 414.9 406.3 401.0 389.2 361.2 335.2 331.6 344.9 366.5 387.2 404.0 415.6 426.6 439.1 451.0 461.6 470.3 477.0 482.4 485.8 485.8 483.0 477.0 470.6 465.8 461.9 455.3 445.6 436.4 430.0 426.0 421.4 413.1 407.6 412.0 418.3 421.7 421.9 417.6 416.4 420.9 422.9 420.0 413.8 411.9
440.6 443.2 442.2 438.4 432.3 425.7 422.0 424.1 428.4 430.6 429.9 428.6 426.9 425.6 424.3 420.0 410.5 398.7 383.8 369.1 362.2 364.8 377.1 392.8 407.2 419.2 429.9 438.2 443.6 446.2 443.0 436.3 428.6 419.0 407.3 389.8 362.8 337.0 331.5 345.0 366.7 386.0 399.5 410.8 421.3 432.5 443.5 452.4 458.2 463.1 469.2 474.8 478.4 478.5 474.4 465.6 456.0 449.4 444.0 436.9 430.0 424.7 420.2 415.9 410.3 406.0 408.5 414.9 419.8 420.5 415.4 411.3 410.1 407.9 408.9 413.4 419.6
436.8 440.2 442.0 441.2 437.8 432.9 429.8 430.0 432.9 436.0 437.1 436.4 434.9 434.2 433.5 431.0 425.6 415.9 399.0 380.4 367.0 360.8 365.6 380.3 397.7 410.4 420.8 428.2 432.9 436.9 437.2 432.2 422.3 410.6 398.1 383.5 364.8 342.1 331.8 341.7 364.2 385.1 400.8 411.5 419.3 427.7 435.1 440.8 445.3 450.6 457.3 463.4 467.3 470.3 470.2 464.5 453.5 443.4 436.7 431.6 426.6 422.3 419.5 417.5 414.2 409.2 407.6 411.7 418.3 419.9 413.7 406.3 402.8 402.6 408.9 418.9 428.5
431.1 435.6 439.5 441.5 441.1 438.8 436.4 435.3 436.2 438.8 440.5 440.7 439.0 436.5 434.9 434.0 432.6 427.1 414.0 396.2 378.4 364.2 358.5 365.4 381.2 395.8 407.3 415.6 421.9 427.0 428.0 423.3 414.6 407.5 400.5 389.2 371.2 347.9 333.4 338.4 358.7 380.1 395.1 404.9 413.4 420.8 425.7 429.8 435.9 445.8 454.6 459.7 461.1 461.9 461.9 459.3 451.9 441.3 432.5 428.1 426.2 424.4 423.0 420.6 416.6 410.9 405.5 404.3 408.7 412.2 408.1 401.1 399.4 405.0 415.8 428.1 438.5
435.1 436.3 437.6 438.1 437.9 437.3 436.8 435.8 434.1 431.9 431.5 432.9 433.2 430.1 427.2 425.7 426.1 425.9 420.9 409.6 392.6 374.3 359.9 357.1 368.3 383.3 395.7 404.9 411.3 417.1 419.5 415.5 406.4 400.1 396.8 389.2 371.1 346.4 331.6 334.5 352.0 371.7 386.4 395.1 401.7 407.2 412.1 417.8 426.3 439.4 451.4 457.3 457.3 455.6 454.0 453.0 450.5 443.4 433.6 426.2 424.0 423.6 423.2 422.0 419.4 412.6 401.9 394.4 394.2 395.4 394.4 394.8 402.0 414.1 426.8 437.8 447.5
