runs/test/tittling.grid
ncols        261
nrows        241
xllcorner    4597475.0000
yllcorner    5396475.0000
cellsize     50.0000
NODATA_value -9999
[rows 68 to 101 of 241, columns 154 to 230 of 261]
548.3 550.9 553.4 555.2 554.3 548.5 538.5 527.8 519.8 515.1 512.6 509.0 501.9 492.2 483.3 476.9 472.9 469.3 469.1 472.3 477.0 479.8 478.4 474.6 473.2 476.8 481.9 487.1 492.0 496.7 501.5 505.9 509.7 513.9 514.7 509.6 498.2 484.0 473.6 471.9 477.7 483.1 483.0 477.3 467.5 456.3 445.5 435.3 424.6 412.8 402.0 395.0 392.3 391.1 388.9 385.5 382.9 382.2 382.0 381.8 381.7 383.0 386.6 391.5 396.7 405.3 415.4 426.2 436.3 444.9 451.3 455.3 456.9 458.8 464.3 474.0 485.2
547.0 548.9 551.4 554.1 554.6 550.0 540.6 530.5 523.7 519.9 517.7 514.9 509.7 502.6 495.1 487.8 480.4 472.4 467.2 466.8 470.1 473.7 474.5 472.5 470.6 471.6 475.6 482.2 489.9 496.8 501.5 504.3 506.0 507.9 507.6 503.2 494.0 481.8 470.7 465.6 467.7 472.6 473.7 469.1 459.4 447.0 434.5 423.3 413.3 404.7 400.3 400.3 401.2 398.9 393.2 386.9 383.1 381.9 381.8 381.9 381.8 382.6 385.4 391.2 399.4 410.0 419.5 427.6 435.2 442.6 448.3 450.7 450.6 452.6 459.2 469.6 482.1
548.4 547.9 547.5 548.3 549.2 546.7 539.4 530.4 524.0 522.2 522.3 520.8 516.1 509.7 503.1 495.7 486.7 477.0 469.1 465.1 465.8 469.2 472.3 472.4 470.1 469.1 473.4 482.4 492.4 499.8 503.0 503.5 502.9 502.9 501.5 498.4 492.8 483.8 472.6 463.6 461.7 464.0 463.6 458.1 447.8 435.4 423.5 414.0 408.2 405.7 406.6 408.4 407.3 401.9 394.0 386.8 382.9 381.5 381.5 381.9 383.3 387.6 393.8 399.4 404.5 411.7 419.9 427.0 433.2 438.7 442.0 442.4 442.0 445.2 454.1 466.3 479.9
550.5 547.5 543.3 540.9 541.4 541.8 538.4 530.7 522.3 519.0 521.5 524.1 523.0 518.3 511.1 501.7 491.3 480.5 471.2 465.2 463.1 464.2 466.9 469.0 469.0 468.4 471.8 479.1 487.2 493.2 496.9 499.2 499.9 498.3 495.0 492.4 490.7 486.1 475.7 463.4 456.1 456.5 455.0 447.5 435.7 424.5 416.6 412.0 410.6 413.2 416.1 415.8 411.2 403.3 394.4 386.8 382.6 381.4 381.6 381.8 382.4 386.1 393.5 401.5 407.7 411.6 415.1 419.6 425.3 429.9 430.9 429.5 430.1 437.2 449.7 463.7 476.8
554.3 550.0 542.0 535.2 533.2 534.9 535.3 529.7 518.4 511.9 514.1 520.9 525.4 524.5 518.2 507.8 495.5 484.6 474.9 467.8 463.6 462.5 463.9 466.0 466.9 466.8 469.2 475.1 481.9 487.4 491.8 495.7 497.9 496.3 491.4 485.3 480.9 477.4 471.6 462.7 454.0 449.9 444.9 435.6 424.8 417.5 415.1 416.1 419.5 423.7 424.9 421.4 413.9 404.4 394.7 386.7 382.5 381.7 381.9 382.0 381.9 383.6 388.9 397.0 404.8 408.2 410.2 413.6 418.5 421.9 422.0 421.9 426.2 436.3 448.2 459.1 468.2
554.3 550.1 541.4 531.5 525.6 526.3 529.6 528.4 518.2 508.0 506.6 512.3 518.1 519.4 516.8 511.1 502.2 490.8 479.3 470.8 465.5 462.9 462.4 463.1 464.2 464.5 467.8 474.8 483.0 489.2 493.0 495.7 498.0 499.7 496.9 488.8 477.6 467.1 459.0 452.4 446.0 439.0 432.8 428.6 428.0 430.0 431.5 431.3 431.0 432.1 431.1 425.8 416.5 405.2 394.3 386.1 382.3 381.5 381.5 381.9 382.3 383.6 387.2 393.4 400.1 402.7 405.0 409.1 413.9 416.3 416.0 417.3 423.9 433.5 441.9 448.7 455.1
548.5 546.5 541.1 531.6 521.9 518.0 520.9 523.9 519.0 507.0 500.8 502.3 506.1 507.4 506.7 504.9 500.3 491.5 481.2 472.9 467.7 464.6 462.7 461.9 462.4 463.7 468.3 476.7 485.9 491.9 494.5 496.5 500.5 504.8 503.6 495.7 483.0 468.7 455.5 446.1 440.5 435.5 433.3 436.2 442.2 446.4 445.7 441.3 437.0 435.0 432.9 427.8 418.4 405.5 392.7 384.2 381.7 381.7 382.2 383.0 383.3 383.4 385.0 389.6 395.8 399.0 402.5 407.2 411.2 412.1 411.1 412.7 419.5 427.8 435.2 441.1 446.1
540.9 537.7 534.3 528.0 518.6 510.2 506.8 506.9 505.4 499.1 494.7 494.5 495.8 496.1 495.8 495.6 494.4 490.4 483.4 475.8 469.9 465.9 462.9 460.6 460.4 463.0 469.7 479.5 489.5 496.1 499.0 500.5 502.1 502.8 498.9 491.1 480.9 469.0 456.6 446.2 439.2 435.0 435.6 441.6 449.2 453.0 451.0 445.6 440.5 437.6 434.8 428.8 417.2 401.7 388.2 381.7 381.6 382.4 384.7 389.0 392.4 392.8 390.9 389.4 390.5 393.3 398.4 404.0 407.6 408.2 407.6 409.5 415.5 423.1 429.8 434.9 438.8
534.1 527.9 524.9 522.7 518.3 511.1 503.2 496.2 490.9 487.6 486.6 486.9 487.1 486.9 487.1 487.9 488.7 488.6 485.9 481.0 476.0 472.1 468.5 464.4 460.9 461.1 468.3 479.9 491.1 498.0 499.5 497.7 494.7 491.5 486.6 480.4 473.5 466.1 458.1 450.2 443.4 437.7 436.8 441.8 449.1 453.3 452.2 447.7 442.9 439.1 433.9 424.8 410.8 395.0 383.9 380.8 382.2 382.0 385.4 393.5 401.0 403.0 400.6 398.2 398.4 396.4 395.3 396.0 398.4 401.6 405.4 410.3 415.6 420.5 424.6 428.2 431.8
534.5 525.1 519.6 517.7 516.7 513.9 508.4 500.6 491.8 484.3 479.4 476.4 475.3 476.5 479.3 482.0 483.3 484.2 483.9 481.9 479.0 476.6 474.5 471.0 465.5 462.1 467.0 478.2 488.7 493.7 493.6 490.8 487.0 482.9 477.6 471.6 465.8 460.4 455.0 449.1 443.0 439.3 440.0 445.1 450.9 453.4 451.1 445.8 440.7 437.3 432.4 423.6 410.7 396.6 386.9 384.8 386.6 385.1 386.9 395.5 405.8 411.1 410.7 409.0 409.0 406.2 401.7 398.1 397.6 399.6 403.0 406.5 409.2 411.4 414.0 418.0 423.4
532.3 522.8 514.9 509.4 505.6 502.7 499.6 495.5 489.7 482.5 476.1 472.2 471.0 471.8 473.8 476.1 477.9 479.4 479.6 477.7 474.7 472.3 471.4 470.1 466.3 461.8 464.1 473.5 483.6 488.8 489.1 486.7 482.9 478.8 473.7 467.7 461.5 456.2 452.1 448.3 444.0 441.4 443.1 447.4 450.8 450.7 446.2 438.7 431.7 429.2 429.5 426.4 416.0 400.6 388.1 384.1 386.4 387.0 390.1 398.6 408.9 415.8 418.0 417.6 417.4 415.6 411.5 407.1 404.5 404.2 404.9 406.1 407.8 409.7 412.3 416.2 421.2
529.3 521.7 515.8 511.2 507.1 503.3 499.9 496.0 490.3 483.4 477.8 474.6 472.1 468.8 466.4 467.0 469.9 472.3 473.0 471.8 469.9 468.5 468.5 468.8 466.9 462.2 461.2 467.7 477.7 484.9 487.0 485.6 483.1 480.5 476.6 472.2 468.5 465.4 462.2 458.2 453.1 448.2 446.9 447.7 447.5 445.1 440.0 432.3 424.2 421.0 423.6 424.7 416.9 402.1 390.2 387.6 390.4 390.7 393.6 400.7 409.5 416.9 421.9 424.7 426.6 426.4 422.8 417.3 413.3 412.6 414.0 415.8 417.5 419.2 420.7 421.9 423.2
531.4 524.4 519.5 515.7 512.0 507.8 503.6 499.4 494.3 488.4 484.2 482.1 479.1 472.6 465.2 461.1 461.7 463.3 464.8 465.6 465.5 464.9 465.2 466.5 466.7 462.7 459.4 462.6 471.9 481.3 486.5 487.8 487.4 485.5 480.9 477.4 476.9 476.6 474.3 470.8 467.1 461.8 454.4 446.6 440.2 436.2 432.7 426.8 417.5 411.2 412.6 414.7 408.9 396.8 389.1 390.9 396.6 397.3 399.8 405.1 411.7 418.2 424.1 429.1 433.2 434.7 431.2 424.4 418.9 418.0 420.3 423.0 425.3 427.6 428.9 429.0 428.7
537.4 531.8 526.4 521.6 517.0 512.1 507.0 502.1 497.4 493.0 489.3 485.6 480.3 473.3 466.4 461.4 459.0 457.8 458.0 459.1 460.0 460.7 462.1 464.5 465.9 462.5 458.0 458.7 466.1 475.5 482.9 488.0 491.8 492.1 488.5 485.9 487.5 488.5 485.0 478.9 473.1 466.9 457.3 445.5 435.3 429.2 426.0 421.9 414.5 407.5 405.1 403.3 396.8 387.1 382.9 387.4 395.6 400.2 404.3 408.7 413.7 419.8 426.9 433.9 439.8 442.4 439.7 433.0 427.0 425.8 428.3 431.3 433.4 435.2 436.2 435.9 434.8
543.1 540.1 535.3 530.1 525.2 519.9 514.1 508.2 503.5 500.3 495.7 488.5 480.1 473.2 468.8 465.2 461.2 457.7 456.0 455.6 456.0 456.9 458.6 461.4 463.6 461.4 457.0 457.1 465.0 477.1 487.6 494.7 498.6 499.6 497.5 496.7 499.2 500.0 495.1 486.2 477.0 467.6 455.9 444.1 434.2 426.6 420.2 413.3 405.5 398.6 395.3 393.0 388.6 382.8 380.5 384.4 392.6 399.8 405.4 410.0 415.2 421.9 429.9 437.8 444.6 449.4 449.0 443.4 436.7 433.8 435.6 438.8 441.2 443.6 445.0 444.4 442.1
547.6 547.6 544.3 539.4 534.2 528.6 522.4 515.9 509.6 503.3 496.5 489.2 482.3 476.7 472.0 467.5 463.0 459.2 456.8 455.6 454.9 454.6 455.2 456.9 458.9 457.6 454.5 455.4 464.1 477.0 487.2 492.2 494.0 495.6 497.3 501.1 505.7 507.0 501.3 489.0 473.7 461.0 450.6 443.4 438.9 435.3 430.8 424.5 416.8 408.3 399.7 391.3 384.3 380.2 380.2 384.5 392.0 399.0 404.5 409.1 414.1 420.4 427.9 435.7 442.6 449.0 452.4 450.7 445.5 441.9 442.6 445.9 448.8 451.6 453.4 452.5 449.0
553.3 554.7 553.2 549.3 544.2 538.0 530.8 522.0 511.7 501.7 494.6 490.2 486.3 481.3 475.6 470.3 466.1 462.6 459.9 457.6 455.5 453.9 453.5 454.3 455.5 455.0 453.0 453.0 457.9 466.9 475.6 481.4 485.0 489.4 494.9 499.8 502.0 500.3 493.8 483.2 470.0 458.9 451.9 449.1 447.3 443.2 436.4 428.1 420.1 413.1 405.0 395.4 386.1 380.4 379.3 382.0 388.1 395.6 402.0 406.9 411.5 416.9 423.0 429.2 435.3 442.3 448.4 451.2 449.9 447.8 448.4 451.6 454.5 456.1 457.4 457.2 454.3
555.0 555.7 555.7 554.2 551.2 546.4 538.8 528.0 515.2 505.4 500.0 497.0 492.9 486.8 479.9 473.4 467.8 463.4 460.7 458.9 457.0 455.0 453.6 453.0 453.0 452.7 451.8 451.5 453.6 458.5 464.9 471.8 479.5 488.8 497.0 501.0 500.2 495.0 487.6 480.4 474.1 467.6 461.3 455.9 449.5 440.9 431.3 422.2 413.9 406.2 398.5 390.9 384.2 380.1 379.1 380.4 384.2 390.0 396.1 401.4 405.7 409.5 413.8 419.6 426.8 434.2 440.8 446.1 449.7 452.1 454.3 456.4 457.1 455.5 453.9 453.2 452.1
553.7 554.2 553.9 552.6 549.6 543.8 535.2 525.0 515.9 510.3 507.9 505.7 501.3 494.5 486.7 479.5 473.4 467.2 462.1 459.0 457.1 455.4 453.9 453.1 453.1 452.8 451.6 450.9 452.7 457.7 464.8 472.7 480.7 488.8 495.3 499.5 500.8 497.8 490.7 483.1 477.8 473.3 466.1 457.2 448.0 438.9 430.3 422.5 415.6 409.3 402.5 394.1 385.7 380.5 378.9 379.3 381.2 384.9 389.9 395.1 399.5 403.2 407.3 413.0 420.2 428.0 436.1 443.9 450.5 455.5 458.4 459.0 456.6 451.9 446.9 444.8 445.7
551.5 551.8 550.7 548.2 543.5 536.6 528.6 521.7 517.6 516.2 515.4 513.1 508.4 501.4 493.5 486.3 479.6 471.7 464.3 459.4 456.6 454.8 453.8 453.8 454.6 454.3 452.2 450.4 451.7 456.7 463.7 471.4 478.8 485.7 490.9 495.3 499.1 499.2 493.3 483.2 474.4 468.4 462.9 458.4 454.1 447.9 439.0 429.5 421.6 415.4 407.5 397.1 386.7 380.5 379.0 379.2 380.0 382.2 386.5 391.3 394.8 397.3 400.5 406.3 414.3 424.5 435.1 444.4 451.7 456.8 459.5 459.3 456.2 450.1 443.0 438.6 439.1
549.4 549.9 548.9 546.1 541.4 536.0 531.0 527.3 525.1 523.7 521.9 519.1 515.0 508.8 501.1 493.4 485.4 476.2 468.2 463.2 460.1 457.7 456.2 456.1 456.5 455.0 451.7 449.1 449.5 453.5 459.3 465.4 471.6 478.6 485.3 491.1 495.6 496.3 490.7 479.1 466.1 457.3 454.2 455.4 456.8 454.1 447.1 438.1 429.4 421.4 412.3 401.3 389.8 381.8 379.1 379.3 379.4 379.4 382.0 386.3 390.2 393.2 396.9 402.9 410.8 420.9 431.1 440.5 448.5 454.7 458.5 459.3 457.4 451.7 443.4 437.0 436.1
545.2 546.9 547.5 546.8 545.0 541.9 538.1 534.4 531.8 529.9 527.3 523.9 520.1 514.8 507.6 499.3 490.6 480.7 471.9 465.9 462.3 460.1 459.0 459.2 459.3 456.9 452.8 449.6 448.9 450.8 454.5 459.4 465.6 473.9 482.6 488.6 490.6 488.6 482.7 473.4 462.2 452.2 446.6 445.7 447.9 449.8 449.5 445.8 438.0 428.6 419.8 410.3 398.3 386.6 379.8 378.4 379.3 379.2 380.7 384.3 388.6 392.1 394.9 398.6 404.6 413.7 423.8 433.8 443.1 450.6 454.6 454.3 450.4 443.9 436.2 430.1 428.1
541.8 544.6 546.6 547.7 548.0 547.1 544.9 541.7 538.3 535.4 531.7 527.3 521.9 515.4 508.7 502.1 495.6 487.1 477.5 469.8 465.4 463.4 462.9 463.1 462.5 459.7 455.2 451.3 449.2 449.9 453.9 460.3 467.3 475.4 483.5 488.6 488.8 485.1 479.4 473.1 467.0 457.5 447.6 439.1 434.6 435.3 439.1 441.2 438.2 431.3 425.3 418.3 406.9 392.5 381.8 378.1 379.2 379.6 380.2 382.2 385.2 388.3 392.0 397.5 404.6 414.7 423.8 431.9 439.4 445.7 448.8 447.3 442.4 436.5 430.4 425.3 421.6
537.1 541.2 545.4 548.6 550.8 552.3 552.3 550.4 547.3 543.0 536.2 527.8 519.8 514.1 510.4 506.5 500.6 491.0 480.3 471.9 467.4 466.1 466.1 465.7 463.6 460.4 456.8 453.7 451.1 450.4 453.6 460.9 469.5 476.9 484.7 489.9 491.3 489.9 487.2 483.0 475.7 465.9 456.2 447.4 439.0 432.1 428.9 428.4 426.7 422.6 419.9 417.0 410.0 397.7 385.6 379.3 379.1 379.7 379.7 380.1 381.8 385.7 392.2 400.2 407.8 416.9 425.0 432.2 437.8 440.5 439.2 434.3 428.6 424.1 419.8 416.6 414.8
531.4 536.9 542.4 546.9 550.1 552.5 553.7 553.1 551.3 547.7 539.6 529.5 521.4 517.3 515.1 511.3 503.9 493.2 483.0 475.8 472.0 470.9 471.1 470.2 466.8 462.0 458.3 455.9 453.3 451.3 453.7 461.9 472.3 480.5 488.1 492.4 490.6 484.5 480.0 479.5 480.2 474.1 465.6 456.1 445.5 434.2 424.4 417.8 413.2 409.5 409.0 411.3 411.4 404.5 392.7 382.6 379.2 380.2 379.8 379.4 379.9 382.8 389.2 398.1 407.2 417.1 425.6 431.9 434.1 431.4 425.1 418.3 413.7 411.1 410.2 411.8 415.5
523.6 528.5 533.8 538.2 541.2 543.7 546.1 547.7 547.8 545.5 540.0 533.3 528.0 524.8 521.9 516.1 506.2 495.1 487.3 482.9 480.0 477.6 475.8 473.5 469.3 463.6 459.9 458.7 456.6 452.6 452.0 459.2 471.0 480.2 487.8 493.2 492.2 482.0 469.0 464.0 469.4 473.6 472.7 467.6 459.6 448.3 434.9 422.5 413.2 405.2 401.4 403.8 408.7 408.8 400.5 388.8 381.1 380.6 380.2 379.7 379.2 380.0 384.6 393.7 403.7 413.5 422.4 426.0 423.0 416.4 410.5 407.0 405.6 405.9 408.6 414.2 421.0
511.2 517.1 523.2 528.6 533.0 536.2 538.3 539.7 540.1 539.8 538.5 536.5 533.4 528.9 523.2 516.8 509.3 501.2 494.7 490.3 486.5 482.3 478.0 473.8 469.5 465.7 463.9 463.4 460.7 454.3 449.9 454.3 465.6 474.6 482.7 489.8 490.9 479.8 460.8 449.0 452.6 459.5 462.7 462.5 458.6 451.2 441.4 430.0 418.4 407.8 400.4 399.6 404.1 407.0 401.4 390.5 383.0 381.4 380.7 380.7 380.2 380.1 383.6 392.4 403.7 415.2 422.6 422.2 414.8 406.7 403.6 406.2 410.1 412.2 416.6 421.7 427.8
502.0 510.3 517.1 522.5 526.6 529.6 531.4 532.5 533.1 531.9 531.2 530.7 528.6 522.9 514.8 508.8 507.1 506.3 502.9 498.1 492.7 486.8 480.8 475.6 471.3 468.8 467.3 465.9 462.7 456.3 449.9 450.3 459.4 469.7 477.6 482.0 481.5 474.9 461.6 447.5 440.6 441.4 442.7 443.2 441.8 437.9 431.4 422.5 412.4 404.2 398.6 397.4 401.3 406.2 406.0 400.1 393.4 386.2 381.9 380.4 379.1 378.6 382.8 393.8 407.3 418.4 422.4 416.2 405.2 399.6 403.8 413.3 420.1 421.1 425.4 429.7 434.0
498.8 508.8 515.4 519.5 522.6 525.3 526.8 527.0 526.2 523.8 522.2 521.2 519.9 516.1 508.8 501.1 496.9 497.2 497.5 497.1 494.6 489.5 483.0 477.3 473.5 471.6 470.3 468.2 464.9 459.9 453.4 448.7 450.7 459.7 467.0 469.6 468.6 465.2 457.1 445.2 434.8 430.5 428.1 426.2 423.8 419.7 413.4 406.9 402.1 399.3 397.2 396.5 399.0 404.1 408.0 407.5 402.6 396.5 391.9 387.3 381.9 378.8 383.3 396.0 411.9 422.3 418.7 407.2 401.4 408.0 420.3 429.6 433.1 435.3 437.4 438.2 439.4
498.8 505.5 510.5 514.7 519.0 522.3 523.9 523.6 522.1 517.9 513.7 510.9 509.9 508.4 503.8 496.5 490.2 488.9 489.5 490.3 489.8 487.6 484.2 480.5 476.9 474.0 471.8 468.6 464.4 460.6 456.8 452.1 449.0 452.1 457.4 460.3 459.5 455.1 447.3 437.8 430.4 426.8 424.1 420.6 416.2 412.0 409.1 407.7 406.1 403.7 400.1 396.3 395.5 399.2 404.1 406.4 405.3 404.1 402.1 397.5 389.4 381.8 380.3 385.8 395.3 402.2 402.0 401.4 406.8 417.4 428.1 436.3 442.4 447.3 448.9 446.8 444.9
492.7 499.8 507.0 513.7 518.8 521.7 522.4 521.3 519.0 515.0 509.6 505.0 502.4 500.6 497.5 491.9 485.0 481.2 481.7 483.1 483.1 481.6 479.6 478.2 476.9 475.8 473.8 470.1 464.7 459.1 454.0 449.7 446.8 447.6 452.1 455.6 454.5 449.4 443.3 438.6 435.4 432.2 430.4 427.5 422.7 418.4 416.9 417.2 415.2 412.3 407.6 400.9 394.7 392.5 394.5 398.4 401.5 403.2 402.6 398.4 390.4 382.0 378.3 380.7 385.6 389.6 398.3 409.2 418.6 425.9 432.7 440.4 447.9 453.9 457.5 456.1 452.2
490.1 502.3 511.6 517.6 520.7 522.1 522.3 521.5 520.3 516.7 510.6 503.1 496.7 492.6 489.9 486.5 481.1 476.8 476.1 477.2 477.5 476.0 474.0 472.8 472.1 471.3 469.8 468.0 465.7 461.7 455.5 449.1 446.0 448.5 453.3 456.6 455.8 452.1 448.5 445.9 443.6 441.1 438.9 435.9 432.0 428.5 427.1 426.6 422.9 419.6 416.5 410.5 401.5 392.8 387.3 386.7 389.3 392.9 394.4 391.1 383.7 378.6 381.7 391.5 400.4 404.7 411.5 419.7 426.5 431.7 437.4 444.7 452.0 457.8 462.6 464.1 461.8
488.7 499.1 508.9 515.9 519.7 521.4 522.2 522.4 522.6 519.9 514.3 505.8 496.3 488.2 482.9 480.1 478.4 476.2 473.9 472.4 471.2 469.3 467.2 466.4 467.3 467.2 465.5 463.2 461.4 459.0 454.1 448.3 445.8 449.8 454.8 458.1 458.9 458.1 456.5 454.4 452.5 450.6 448.0 444.8 441.1 437.8 436.7 437.1 435.6 431.8 426.2 418.4 409.1 399.7 391.4 386.0 384.0 384.8 385.1 383.0 379.5 380.3 388.7 401.0 410.2 411.5 412.1 416.6 424.6 432.7 439.5 446.3 453.0 458.5 463.8 467.6 467.9
486.7 499.0 508.9 516.3 521.1 523.5 524.4 524.7 524.9 522.7 517.4 509.4 500.5 492.2 485.0 479.1 474.6 471.3 468.0 464.9 462.1 460.1 460.0 462.9 467.1 469.2 468.6 464.4 457.9 451.9 447.3 444.5 445.0 450.7 456.3 459.8 461.4 462.4 462.7 462.1 460.9 458.4 454.9 451.3 448.3 446.4 445.9 445.8 444.3 439.5 431.7 423.0 414.9 407.2 399.3 392.1 387.3 384.5 381.6 378.7 377.8 382.5 394.0 407.3 416.8 419.0 416.2 414.9 419.3 427.7 436.6 444.2 450.6 456.0 461.2 465.8 468.3
