runs/test/tittling.grid
ncols        261
nrows        241
xllcorner    4597475.0000
yllcorner    5396475.0000
cellsize     50.0000
NODATA_value -9999
[rows 102 to 135 of 241, columns 77 to 153 of 261]
535.7 530.6 522.6 513.7 505.4 498.3 493.0 488.5 483.7 478.8 474.0 469.4 465.3 461.9 458.6 454.3 450.5 449.1 448.8 447.3 444.7 443.4 439.9 430.8 419.8 410.9 403.3 394.1 385.7 382.1 384.5 394.0 409.2 423.7 432.0 433.0 428.4 421.7 415.8 409.5 403.4 397.5 394.3 398.7 412.8 433.5 440.1 437.6 436.0 442.2 453.0 462.7 470.3 477.1 484.9 492.1 494.7 491.3 482.6 469.9 453.8 433.7 411.5 389.7 380.7 389.2 405.3 416.2 420.0 423.5 423.3 417.5 417.7 428.0 442.6 455.8 468.7
525.7 525.0 523.1 518.6 511.3 502.4 498.6 496.2 491.2 485.3 481.2 477.9 474.3 470.6 466.3 461.4 458.0 457.6 458.0 456.2 452.0 447.2 441.1 432.5 423.7 416.4 409.0 398.6 387.9 382.5 382.4 386.3 395.7 408.0 419.2 424.5 421.0 408.3 393.0 384.3 381.7 380.6 378.0 377.5 386.2 407.0 419.1 419.2 418.6 428.1 444.9 458.9 467.0 471.9 477.5 483.4 487.6 486.9 478.3 463.3 445.9 426.7 402.9 382.5 375.9 382.9 393.1 397.6 397.5 399.9 403.4 405.9 413.2 426.6 441.7 454.8 467.2
518.4 517.8 519.3 517.6 510.9 502.1 500.1 498.9 495.1 490.9 488.7 486.5 482.8 478.5 472.6 466.3 463.0 463.7 465.2 464.0 459.5 453.9 446.1 437.6 430.3 423.9 416.1 405.1 393.1 385.0 382.5 382.5 385.9 393.7 405.4 415.0 414.3 401.1 385.1 377.7 379.9 383.4 381.8 376.9 375.7 382.9 394.3 399.5 403.7 416.3 436.6 454.0 462.8 465.4 467.9 469.5 470.0 468.1 459.3 442.4 423.9 409.3 390.9 375.7 370.3 370.6 371.2 370.7 372.1 379.9 388.8 397.9 409.9 425.1 441.1 456.1 470.7
513.4 512.9 516.2 516.9 513.3 507.1 505.0 503.8 501.2 498.7 497.2 494.5 490.0 485.0 478.6 472.5 470.4 472.3 474.0 472.3 467.4 460.7 452.4 445.3 440.3 434.8 425.6 413.0 399.5 388.3 383.4 381.5 381.8 384.6 392.1 402.7 408.6 401.1 385.0 381.3 391.3 403.4 405.8 397.7 385.7 375.7 377.3 380.4 386.8 402.2 426.0 448.0 459.2 460.2 460.1 456.9 449.4 440.5 430.5 416.0 397.4 377.6 367.1 364.2 364.9 365.3 364.7 363.9 364.6 367.9 376.1 389.0 404.5 420.6 436.3 451.9 467.3
508.7 508.3 511.1 514.1 514.9 513.1 511.8 510.0 507.1 504.4 502.3 499.6 495.9 491.6 485.5 480.1 478.5 480.0 481.2 479.4 474.2 466.8 458.9 452.6 448.6 443.6 433.9 419.9 405.6 394.0 386.5 382.3 381.1 380.6 381.3 385.5 391.7 394.3 386.9 384.5 396.2 415.4 426.3 421.7 406.5 388.9 377.9 371.7 373.1 385.6 409.4 436.4 454.6 458.3 453.1 445.7 434.7 421.1 405.0 386.7 370.1 361.2 359.5 360.1 361.1 361.3 360.7 360.3 361.5 365.9 374.6 387.7 402.4 417.6 433.9 450.5 465.1
501.4 502.6 506.2 510.9 514.4 516.3 516.9 515.9 513.4 510.4 507.2 503.1 497.6 491.8 487.8 485.8 485.1 485.1 485.2 484.5 481.6 476.0 468.2 460.9 454.9 448.3 438.3 424.8 410.8 400.3 392.7 386.5 382.8 381.3 380.5 379.8 380.1 381.3 381.1 382.5 394.2 416.3 435.0 437.7 425.9 409.0 394.1 380.5 372.3 374.3 390.8 418.2 443.2 452.6 448.3 438.0 423.7 406.9 388.9 374.3 368.0 368.6 369.1 366.5 364.1 363.0 362.0 360.8 360.2 361.5 365.5 375.7 391.6 410.8 430.5 447.5 459.9
492.3 495.6 502.1 508.5 512.9 516.0 519.1 520.6 519.7 516.7 511.8 504.8 497.4 493.0 493.2 492.9 491.2 489.4 488.7 488.3 486.5 482.5 477.2 470.7 463.7 455.6 444.5 431.3 419.2 411.7 407.0 399.2 390.1 383.4 380.8 381.1 381.9 382.1 380.0 380.2 390.5 413.2 436.7 446.1 440.7 429.7 418.5 400.9 381.5 369.4 374.4 396.8 423.4 437.8 435.7 422.4 403.8 385.7 371.8 366.7 371.7 380.6 384.8 383.9 381.2 377.9 372.7 366.3 361.2 359.8 361.7 370.1 386.1 406.5 426.9 443.5 455.2
489.4 491.6 497.8 505.1 511.3 516.3 520.3 522.6 522.3 518.9 512.4 504.6 498.7 497.2 499.1 499.4 497.4 494.8 493.4 492.8 491.5 488.4 484.1 478.4 470.7 460.8 448.4 434.8 423.5 418.2 418.7 415.9 408.3 397.6 388.7 384.2 382.9 382.1 381.9 388.4 402.1 419.3 433.9 442.2 444.4 443.1 433.6 413.8 389.4 372.3 373.3 390.9 411.6 421.0 415.8 400.4 381.9 368.3 363.9 369.8 382.9 395.9 401.3 402.1 400.4 398.2 394.1 385.6 373.4 363.1 360.1 367.8 385.4 406.4 425.1 439.6 450.6
487.9 493.4 500.5 506.4 510.7 514.7 518.9 521.7 522.2 519.5 513.9 507.6 503.5 503.0 503.6 503.1 501.3 499.1 498.0 497.8 497.4 496.1 494.4 489.3 479.6 467.1 453.6 441.2 432.7 429.3 431.2 431.6 427.1 417.5 406.3 397.3 391.7 387.7 386.0 394.2 410.7 427.8 439.5 445.3 447.6 446.9 440.2 423.5 400.0 378.8 370.0 376.9 391.4 400.0 395.7 383.6 370.8 365.0 370.8 386.3 404.1 416.8 423.0 425.2 422.2 415.7 406.9 395.1 380.5 367.1 358.6 363.4 381.4 404.8 425.0 439.4 449.9
487.2 493.4 499.9 504.9 508.8 512.3 515.7 517.8 518.5 517.7 515.3 511.5 507.5 504.4 503.5 504.0 504.4 504.0 503.5 503.3 503.0 502.9 502.0 496.0 484.6 470.9 457.6 446.2 439.8 440.5 443.2 443.6 440.5 434.0 426.2 419.6 413.6 405.7 396.5 395.6 404.7 418.3 429.6 436.9 441.4 443.5 441.7 430.4 410.3 387.8 372.0 368.7 374.0 378.5 375.2 369.3 366.5 372.5 388.3 409.1 427.5 438.0 444.2 445.9 441.1 431.4 419.5 405.8 389.3 373.0 361.2 361.0 374.3 395.2 416.0 433.6 448.9
484.2 491.1 497.4 502.5 506.6 510.2 513.8 516.5 517.9 517.4 514.6 510.1 505.0 500.5 498.8 500.4 503.4 505.7 507.0 507.9 508.7 509.4 507.1 498.1 484.1 469.5 456.5 446.7 443.6 447.6 452.9 453.7 450.0 443.8 438.1 434.9 431.9 425.2 412.1 401.0 400.5 410.8 423.7 433.2 439.0 442.9 444.7 437.6 421.0 400.0 382.1 371.2 367.1 367.2 368.9 372.2 377.9 388.3 404.3 423.5 440.8 452.4 460.1 462.1 457.1 446.5 432.7 416.4 397.2 378.0 362.7 358.7 367.3 384.4 404.9 425.9 445.1
486.2 493.2 499.5 504.4 508.1 511.3 514.7 517.4 519.0 519.0 516.7 512.4 507.3 502.1 498.0 497.2 499.3 501.9 503.6 504.6 505.1 504.6 500.8 491.6 479.0 465.8 453.7 445.7 445.1 451.2 457.7 458.7 455.1 449.0 443.4 440.8 439.7 436.1 423.4 409.0 404.1 412.5 425.3 434.3 439.1 442.7 445.6 441.4 429.5 413.8 398.8 387.1 381.0 382.2 387.5 392.9 396.7 401.6 411.5 426.7 443.0 456.0 466.5 471.1 467.3 456.0 439.8 420.8 400.1 381.1 364.9 357.5 361.4 375.3 396.1 419.2 440.2
489.4 496.3 502.9 508.2 512.0 515.0 518.2 520.5 521.9 521.9 519.9 515.8 510.3 504.3 497.8 494.0 494.0 495.9 497.2 497.5 497.2 496.3 493.4 486.4 475.8 463.5 452.8 447.2 448.3 453.5 457.5 458.2 455.7 451.9 449.1 447.9 446.1 440.5 424.9 408.7 405.0 416.1 431.3 440.9 444.6 446.0 446.8 443.7 437.1 429.0 420.2 410.6 403.6 404.6 411.7 416.6 416.8 415.1 417.4 426.1 439.1 452.3 464.9 471.8 468.9 456.8 439.5 421.0 402.2 384.1 367.7 358.0 358.5 370.0 389.8 412.0 432.2
494.0 499.9 505.8 511.0 515.3 519.2 522.0 523.6 524.4 524.5 522.9 519.1 512.8 504.7 495.8 489.1 486.9 488.0 489.9 490.9 490.9 489.4 486.0 480.2 472.6 464.5 457.4 453.2 452.7 455.2 456.8 454.8 450.8 447.3 445.9 445.7 443.4 435.8 419.6 407.6 409.0 422.1 436.6 446.2 450.7 452.1 451.6 450.1 448.5 446.4 440.5 429.5 419.5 418.4 426.8 432.5 432.8 428.7 424.6 425.6 434.5 448.9 463.6 471.9 469.3 457.0 440.2 423.3 406.9 390.7 374.4 362.1 358.8 367.5 386.5 408.3 427.3
495.7 501.2 506.7 512.0 517.8 524.2 529.5 531.8 531.7 530.4 527.3 521.6 513.1 503.5 493.5 485.1 480.4 480.1 482.5 484.9 485.7 484.0 479.7 474.3 469.6 466.0 461.8 457.1 454.1 454.2 454.2 450.6 445.1 440.4 439.0 440.1 439.9 433.4 421.1 413.5 416.7 427.1 437.1 444.0 448.9 452.5 454.7 455.2 453.6 448.9 440.3 429.8 423.5 426.2 435.9 443.4 445.3 440.4 432.3 428.4 434.0 447.7 461.9 469.9 468.6 459.6 447.1 432.8 416.0 396.9 378.4 364.4 359.2 366.5 385.1 407.5 426.2
497.8 503.4 508.7 514.2 520.9 529.3 537.8 542.2 542.2 539.1 533.0 523.5 511.9 501.6 493.1 484.3 476.9 473.7 475.3 478.3 479.8 478.4 474.3 468.9 464.6 462.2 459.5 455.5 452.2 451.9 453.7 451.5 444.7 436.2 430.9 431.3 433.8 431.8 421.1 412.1 411.5 418.4 427.7 436.4 444.3 450.8 455.7 457.8 456.0 450.0 441.1 432.5 428.7 432.6 440.7 448.4 450.9 446.1 437.3 431.9 434.9 445.0 457.3 466.6 469.1 464.8 455.8 442.5 424.2 403.3 383.1 366.8 357.6 358.5 371.3 392.3 413.1
499.4 506.1 512.5 518.8 524.9 531.5 539.6 548.0 553.7 553.0 544.5 530.1 514.3 501.4 492.1 483.2 474.4 468.7 468.4 470.6 471.6 470.4 466.3 459.1 452.6 449.7 448.7 447.2 445.5 445.1 446.0 444.1 438.0 430.0 423.9 421.3 420.4 417.9 414.9 413.6 413.6 414.8 418.6 426.5 437.5 448.0 455.4 459.2 458.8 453.8 445.2 437.8 436.8 443.0 451.1 457.2 458.0 452.2 442.8 436.6 438.0 445.9 454.9 463.1 467.7 467.2 460.7 447.3 428.1 406.6 387.2 370.9 359.7 356.3 363.2 379.0 398.3
499.2 507.8 515.4 522.0 528.2 534.5 543.7 554.2 561.7 561.3 551.5 534.9 516.0 499.5 487.5 478.2 469.9 463.9 462.3 463.2 463.0 460.4 455.4 449.5 444.9 442.9 442.4 441.7 440.6 439.2 438.2 436.8 435.0 433.3 431.8 429.4 424.8 419.0 420.8 426.5 429.4 427.4 424.9 425.9 432.1 441.6 451.8 458.2 458.3 452.1 443.8 439.7 443.4 452.1 459.8 464.9 465.0 459.2 450.1 443.5 443.3 448.4 455.1 462.5 468.3 469.6 463.6 449.3 430.2 412.0 395.8 380.0 366.5 358.2 359.2 370.2 387.9
499.5 509.7 518.9 526.0 531.7 537.4 545.7 554.0 558.8 557.3 549.1 534.5 515.5 496.8 482.1 471.4 463.3 457.8 456.2 456.9 456.9 454.8 451.0 446.1 441.5 438.6 437.2 436.6 436.5 436.5 437.8 440.5 443.3 444.8 444.3 441.1 434.8 428.7 429.7 434.6 437.0 435.7 433.6 432.6 433.6 437.7 445.9 454.3 457.5 453.9 448.1 446.6 452.1 460.8 467.1 471.5 472.2 467.5 458.8 451.5 449.5 452.7 457.6 463.5 469.2 472.0 468.3 456.8 440.6 425.0 412.4 396.2 377.4 361.6 355.6 361.8 377.5
502.1 513.7 524.9 532.7 536.0 537.8 542.5 547.6 550.1 548.6 542.7 530.7 513.1 494.5 479.6 468.0 458.9 453.1 450.7 451.0 451.7 451.2 448.6 444.3 440.1 437.9 437.5 437.9 438.9 440.0 444.0 448.9 452.6 454.2 452.6 446.6 437.6 432.5 436.9 445.1 448.3 445.6 441.9 439.8 438.7 438.7 442.2 449.9 456.4 457.3 454.5 453.8 458.4 465.7 470.9 474.3 475.0 471.0 463.7 457.5 455.7 457.5 460.8 465.2 470.0 473.7 473.7 468.1 457.6 445.4 433.8 417.8 397.0 375.3 360.4 357.8 368.1
504.2 515.1 525.9 533.7 536.9 537.5 539.3 541.3 541.5 539.4 534.3 524.6 510.4 495.6 482.9 471.4 461.2 453.4 449.1 447.8 448.2 448.4 446.9 444.1 441.5 440.7 441.3 442.1 443.3 445.4 449.9 454.7 457.9 458.4 455.7 449.0 440.5 436.5 442.9 452.6 456.7 454.1 449.7 447.2 445.8 443.7 442.2 446.0 453.1 458.3 459.1 458.5 460.9 466.5 471.9 475.0 475.2 472.3 468.1 465.3 465.0 466.1 467.1 469.3 471.6 473.6 475.1 475.0 471.3 463.7 454.0 439.9 419.8 395.6 373.1 360.4 363.9
503.0 512.1 520.2 526.1 528.9 530.2 533.0 535.1 534.7 531.6 525.8 517.1 506.4 496.1 485.3 474.3 464.1 455.9 450.1 446.7 445.3 444.7 443.0 442.3 444.4 448.7 451.5 451.2 450.0 450.9 454.4 457.3 458.1 456.2 452.0 445.7 440.1 439.4 446.8 456.7 462.3 461.7 458.1 455.0 453.1 450.8 446.9 445.8 449.7 455.8 460.1 462.0 464.6 469.3 474.2 477.7 479.3 479.4 478.3 476.9 475.5 474.0 473.1 473.1 472.4 470.8 468.5 465.1 459.9 453.6 448.4 440.4 424.5 400.8 376.0 360.5 362.4
499.7 508.2 515.9 521.9 525.3 526.9 528.7 529.8 528.8 525.4 519.5 512.1 504.1 496.3 488.1 478.3 468.8 460.5 453.6 448.2 445.0 443.5 441.7 443.1 449.0 456.4 459.7 457.7 454.4 453.9 456.1 457.0 455.3 451.1 445.7 440.7 438.3 441.0 449.4 459.6 466.5 468.1 465.9 462.6 459.9 457.5 453.4 450.4 451.4 456.3 462.0 466.4 470.1 473.9 477.6 481.1 484.3 486.6 487.6 487.0 485.3 482.8 480.3 477.0 471.7 464.8 457.3 449.9 442.6 435.3 429.5 423.5 414.5 400.0 380.5 364.1 362.4
499.6 505.6 512.7 519.0 522.9 524.5 526.1 527.5 527.8 526.3 522.6 517.2 510.7 503.2 494.1 484.2 475.0 466.6 458.5 451.4 447.1 446.1 445.2 448.0 455.3 463.5 466.4 463.2 458.8 457.7 459.1 457.8 453.6 448.2 444.4 443.0 443.1 445.3 451.7 461.5 469.9 474.1 474.0 470.8 466.2 461.3 456.3 453.2 454.0 458.8 465.3 471.3 476.7 481.3 485.4 488.7 491.1 492.7 493.6 493.8 493.0 490.7 486.4 479.3 470.6 461.6 453.0 444.7 437.3 431.9 429.7 429.3 425.9 414.5 393.5 371.0 361.5
502.7 505.4 510.6 516.5 521.0 523.6 526.3 529.1 531.0 531.1 529.2 525.7 520.6 514.3 504.6 492.9 481.7 472.0 462.8 454.7 449.7 448.7 448.0 449.0 454.0 462.1 467.4 466.9 463.2 460.6 459.8 457.1 453.0 450.4 451.1 452.9 452.3 449.9 453.2 462.3 471.9 478.8 481.7 480.3 474.7 467.2 460.9 457.8 458.7 462.5 467.9 474.3 481.3 487.7 492.4 495.7 497.8 499.3 500.3 500.9 500.4 497.3 490.9 481.3 471.4 463.4 457.0 451.2 445.8 441.9 442.2 445.7 445.6 434.6 411.0 382.7 364.3
504.4 507.0 511.1 516.2 520.8 524.3 528.1 531.9 534.5 534.9 533.3 530.7 527.2 521.8 511.5 498.9 487.8 479.0 470.2 461.2 454.2 451.6 450.4 450.0 451.9 457.4 463.9 467.3 466.6 464.1 461.5 457.5 454.1 453.7 456.0 457.4 455.4 451.6 454.3 463.1 473.2 481.1 485.8 486.0 481.0 472.7 465.7 463.0 464.4 467.6 471.3 476.2 482.8 490.2 497.2 502.5 505.7 507.0 507.6 507.9 507.6 504.4 496.5 485.7 476.2 469.8 465.3 460.9 455.7 450.7 448.7 452.7 456.2 448.8 426.4 395.9 370.8
506.1 509.5 513.6 518.1 522.2 525.3 528.4 531.1 532.7 533.2 532.6 531.2 528.6 524.4 516.2 505.7 496.2 487.9 478.6 468.2 459.6 455.6 453.8 452.5 452.3 455.2 460.9 465.8 467.1 465.4 462.1 458.1 456.1 458.1 461.6 462.1 458.5 453.8 455.4 463.3 473.3 482.2 488.4 490.6 487.5 479.9 471.8 468.3 469.4 471.9 474.1 477.1 482.0 488.7 495.5 501.5 506.2 509.3 511.0 512.0 511.8 508.5 500.9 491.0 482.8 477.5 472.4 465.2 457.4 452.4 453.9 460.6 464.9 457.8 436.0 405.6 377.7
508.3 511.7 516.2 521.9 527.0 530.0 531.3 531.1 530.0 528.9 528.4 528.3 527.2 523.5 516.9 509.2 501.9 494.2 483.9 472.0 462.7 458.4 457.1 455.8 454.3 454.6 457.8 462.1 465.0 465.6 462.9 459.3 458.1 461.0 464.3 463.7 459.1 454.6 456.1 463.5 473.3 482.4 489.3 492.9 491.7 485.7 478.4 475.7 477.3 479.5 480.3 480.9 483.3 487.8 492.9 497.6 501.2 503.5 505.3 507.7 509.9 509.4 505.1 498.2 491.2 484.7 477.3 468.8 462.0 459.9 462.9 467.7 469.2 461.2 440.9 411.8 382.9
510.7 514.9 519.7 525.6 531.3 535.0 534.8 530.9 525.9 522.2 520.5 519.8 518.5 514.8 508.2 500.9 494.5 488.9 482.3 474.2 466.8 461.7 459.1 457.6 455.9 454.7 456.0 459.8 463.6 465.3 462.6 458.8 457.3 459.5 462.9 463.1 459.2 455.0 456.0 462.8 472.3 481.9 490.3 496.0 496.6 491.3 484.5 482.0 483.8 486.7 487.7 487.1 486.7 488.0 491.0 494.1 496.1 497.4 499.6 503.6 508.4 511.3 510.9 507.0 499.9 490.9 481.2 473.2 469.2 469.0 469.1 468.7 466.4 459.2 442.9 417.4 389.6
510.8 515.2 520.9 528.3 535.2 538.5 535.6 528.3 520.9 515.2 511.5 509.2 507.3 503.7 497.5 490.4 484.3 479.4 474.6 469.6 464.9 461.5 459.9 458.8 456.5 454.2 454.8 458.7 462.7 463.6 460.9 457.6 456.5 458.7 462.2 463.6 461.5 458.1 458.2 463.7 472.2 481.5 490.4 497.5 500.5 498.0 492.5 489.3 489.6 491.9 493.3 492.2 489.5 487.3 487.2 488.8 490.7 492.0 493.9 498.3 505.1 511.5 514.7 512.9 506.0 496.6 488.0 482.3 478.7 474.7 468.6 462.9 458.8 454.1 442.8 421.5 394.4
510.1 515.4 523.0 532.9 541.6 543.6 535.6 523.5 513.8 507.3 503.0 500.3 498.1 493.9 487.8 482.3 478.5 474.7 469.4 463.9 460.7 460.4 461.4 461.2 458.6 455.4 454.9 457.6 460.8 462.2 460.8 458.9 458.4 460.1 462.9 464.3 462.7 459.6 458.9 463.3 471.0 479.5 487.7 495.2 500.4 501.3 498.4 494.6 492.9 494.0 495.2 493.4 488.0 481.6 477.9 478.4 481.6 485.2 489.0 494.6 502.5 511.2 517.6 518.2 512.5 503.7 495.5 488.5 481.0 471.5 461.2 452.5 446.3 441.6 433.7 418.0 395.4
509.8 514.9 521.8 531.0 540.8 544.4 536.6 523.1 512.0 504.7 499.0 494.5 491.5 488.7 483.5 478.7 476.0 474.4 471.5 467.5 464.5 463.7 463.3 460.6 456.4 453.7 454.5 457.5 460.3 461.5 461.6 460.9 460.5 461.6 463.8 465.2 463.9 460.5 459.1 461.9 468.0 475.2 482.0 488.0 492.7 495.3 494.7 490.8 487.3 487.6 489.9 489.3 483.5 475.3 469.5 468.5 471.2 476.1 481.9 488.8 496.9 505.3 513.5 517.8 516.6 510.5 500.9 489.0 476.6 465.3 455.9 445.7 434.8 425.5 418.2 408.7 393.7
509.8 516.6 523.6 529.6 535.3 537.9 532.8 521.4 511.4 504.5 498.0 491.2 485.9 483.1 480.1 476.0 472.7 471.1 470.4 469.4 467.9 466.0 462.6 458.5 455.6 455.3 456.8 458.4 459.2 460.2 462.4 463.2 463.1 463.6 465.1 466.2 465.4 462.8 460.6 461.3 465.1 470.4 475.7 480.2 483.5 485.6 485.0 480.9 477.4 478.3 481.5 481.8 476.8 469.0 463.3 462.0 464.8 470.5 477.7 485.3 492.9 500.4 507.6 512.0 512.9 510.6 504.6 494.6 482.9 472.9 466.4 457.1 442.2 426.0 414.0 405.4 395.3
510.4 517.3 522.0 525.7 531.1 535.7 531.7 520.9 510.7 503.7 498.0 491.9 485.4 479.3 474.1 470.2 467.7 466.1 464.9 463.7 462.7 461.5 459.3 457.7 458.0 459.7 460.4 459.2 457.9 458.0 459.3 461.0 463.1 465.2 466.9 467.7 467.1 465.4 462.6 461.3 462.9 467.0 471.4 474.9 477.4 478.8 477.9 473.7 469.6 468.8 470.9 472.2 469.9 464.4 458.7 457.1 460.1 466.5 474.1 481.5 488.1 493.7 498.4 500.7 501.7 502.7 502.3 498.4 491.1 483.0 476.4 467.6 455.4 442.3 431.5 421.7 408.8
