runs/test/tittling.grid
ncols        261
nrows        241
xllcorner    4597475.0000
yllcorner    5396475.0000
cellsize     50.0000
NODATA_value -9999
[rows 0 to 33 of 241, columns 0 to 76 of 261]
542.9 532.4 517.1 503.5 497.3 497.7 501.7 505.8 507.2 504.9 500.8 498.9 499.1 498.5 494.8 488.0 479.8 472.4 467.9 466.6 464.8 461.1 457.5 457.8 462.7 468.9 473.6 477.1 477.6 474.2 471.0 474.7 485.5 496.3 502.3 506.7 510.1 512.5 513.9 514.5 514.9 515.2 515.4 514.5 514.0 515.1 518.3 523.5 530.9 539.8 548.4 553.0 551.7 546.4 540.9 535.8 527.1 512.2 493.0 474.4 458.8 448.2 440.8 433.7 427.6 425.8 430.5 441.9 454.8 464.0 469.1 472.7 476.0 478.3 479.9 479.3 477.3
549.5 539.3 526.0 511.8 499.0 491.0 490.1 494.8 498.9 498.4 493.7 490.3 489.1 487.1 481.5 473.4 466.2 461.9 460.5 460.5 460.0 458.8 458.9 463.0 470.1 476.4 480.0 482.1 482.3 479.6 477.3 480.2 488.4 496.2 499.0 502.1 507.7 513.3 516.8 518.3 519.0 519.5 520.0 520.2 520.0 520.0 521.1 524.3 530.5 539.2 547.5 551.7 550.5 546.7 543.5 540.0 532.0 517.9 500.2 481.5 463.9 449.0 437.6 429.9 425.9 425.5 428.8 435.7 445.9 455.7 463.5 469.3 472.9 474.3 475.3 477.9 479.5
544.0 536.0 527.3 518.2 507.3 495.9 487.6 485.5 487.2 487.7 484.6 480.4 477.3 474.3 469.9 465.1 462.0 461.4 462.6 464.5 466.1 466.8 467.7 470.4 475.1 480.8 485.8 489.4 490.2 488.0 485.6 487.4 493.4 498.3 497.9 497.2 500.6 506.1 511.0 514.9 517.9 520.3 522.1 522.7 522.0 520.9 520.4 521.5 524.5 529.5 535.3 537.7 536.0 532.9 531.7 531.9 529.8 522.3 509.7 493.0 474.0 455.3 439.8 429.5 425.0 425.1 428.5 435.3 446.3 457.3 465.1 469.5 471.7 472.5 472.9 475.4 478.4
532.3 525.2 518.1 512.9 507.5 499.0 488.3 480.7 478.6 478.7 477.2 473.7 469.5 466.4 465.2 466.0 468.1 471.0 474.1 477.4 479.7 480.1 479.2 478.5 480.1 484.9 491.2 496.3 498.6 496.8 493.0 492.0 495.9 501.5 504.4 504.8 506.1 508.3 511.0 513.6 515.7 517.6 519.1 520.0 519.8 518.8 516.8 514.4 513.5 515.2 518.4 518.7 517.1 516.3 517.2 519.1 520.3 518.5 512.0 501.2 486.7 468.6 448.5 431.5 422.9 423.9 432.3 443.9 457.3 468.0 473.9 475.5 474.9 474.0 473.4 475.0 477.4
523.5 515.8 509.0 505.0 502.1 497.4 489.4 481.0 475.8 473.8 472.8 470.8 469.1 469.2 471.4 475.2 479.5 483.5 486.9 490.4 493.0 493.5 491.8 489.1 488.0 491.1 497.4 504.0 508.3 507.8 502.9 498.4 499.3 505.3 512.1 516.1 517.5 517.6 518.1 519.0 519.3 518.7 517.7 516.8 515.8 513.8 509.7 505.0 502.5 503.6 505.8 505.2 504.0 504.5 505.9 506.5 506.6 506.1 503.3 497.7 488.0 472.6 451.8 433.0 425.8 432.1 445.8 459.3 469.9 476.3 480.1 482.0 481.9 480.6 478.6 478.6 479.3
513.4 505.2 497.8 492.9 488.8 484.8 480.4 477.4 476.8 477.5 477.9 478.3 479.6 481.6 484.5 488.5 493.3 497.7 501.3 504.5 506.4 506.6 504.8 501.3 498.3 499.1 504.5 510.6 515.5 516.9 514.0 509.4 507.7 510.9 517.0 521.8 524.6 525.3 525.3 524.9 523.9 522.3 520.6 517.4 513.2 509.0 504.8 500.3 495.9 492.5 490.0 488.2 487.9 489.7 491.6 491.2 489.8 488.9 487.4 482.8 476.2 465.7 449.8 434.3 429.4 437.3 449.8 459.4 467.0 473.5 479.7 484.3 486.2 485.9 484.2 483.9 482.5
504.5 496.2 488.7 484.4 481.0 478.6 478.1 480.6 485.4 489.9 491.9 492.2 493.3 495.8 499.4 503.3 507.8 512.7 517.4 520.9 521.2 519.4 517.0 513.3 508.7 507.0 510.4 516.7 522.7 526.1 524.9 521.1 519.1 521.1 525.5 528.2 531.0 533.3 534.6 534.8 533.2 529.3 524.0 518.0 513.3 511.5 511.4 509.8 504.2 495.4 486.6 479.0 474.9 473.3 472.3 471.0 469.9 469.5 469.1 464.5 458.4 450.1 439.0 428.7 426.1 432.7 442.6 451.5 460.8 470.6 478.9 483.5 484.7 485.0 486.2 487.1 484.8
496.1 491.8 489.0 490.3 491.9 492.7 493.6 495.3 498.0 500.4 501.2 500.1 501.5 506.3 512.0 516.1 519.5 524.2 530.9 535.5 534.7 531.2 528.4 525.4 519.9 515.1 515.6 521.8 529.6 535.3 535.8 532.9 531.2 532.7 536.2 537.3 539.2 541.6 543.8 544.8 543.8 540.2 533.8 525.4 519.8 519.9 523.0 523.5 517.5 506.2 495.0 488.1 484.0 480.2 474.9 468.3 461.4 454.8 448.4 443.8 440.6 436.5 430.9 426.1 425.5 430.2 437.5 445.0 453.9 463.5 471.7 476.0 477.3 479.2 483.9 486.7 485.8
494.7 496.6 501.2 506.4 508.3 508.2 508.2 508.4 508.0 506.9 505.5 504.2 507.2 514.5 522.3 527.6 531.6 536.9 544.6 549.8 548.8 545.6 543.5 539.9 531.5 522.4 519.2 524.4 533.2 540.9 543.6 542.3 541.2 542.7 546.5 549.3 552.2 555.2 557.6 558.8 557.4 551.7 541.6 530.5 526.0 529.3 535.3 536.6 529.1 515.1 503.5 496.5 491.4 487.1 482.6 476.6 468.6 458.5 448.8 441.3 435.8 432.0 428.8 426.2 425.3 427.1 432.2 441.5 452.2 460.9 466.6 470.8 475.5 481.8 488.4 491.6 490.4
504.8 508.3 516.3 522.2 522.1 519.9 519.0 519.2 518.1 514.8 510.4 508.0 511.9 520.6 529.5 535.8 540.5 546.2 553.5 558.3 557.8 556.5 556.4 552.5 542.2 530.3 524.8 527.4 534.1 541.8 547.3 549.9 551.5 554.2 557.8 561.0 565.4 570.5 574.9 576.8 574.2 565.6 553.3 541.0 532.7 531.0 534.7 539.0 538.1 531.4 524.2 515.9 506.9 500.3 495.8 490.8 484.5 477.0 469.8 460.1 447.8 436.5 429.1 425.6 424.7 425.8 429.1 436.9 448.8 460.8 470.4 477.3 483.2 489.4 495.6 499.0 498.9
507.0 509.8 523.4 527.4 528.5 529.3 530.5 530.4 527.1 520.4 512.1 508.0 511.2 519.6 527.9 534.8 542.2 550.6 558.7 563.6 563.3 562.1 562.2 559.5 550.3 537.8 528.4 526.1 528.1 535.3 544.5 552.5 559.1 565.2 570.5 574.0 578.2 582.8 586.4 587.9 585.1 576.5 564.7 553.5 543.6 537.3 537.1 541.8 546.3 546.4 539.7 533.5 524.9 517.5 512.4 507.4 501.9 495.8 488.8 475.8 460.6 447.5 437.2 429.3 425.4 425.2 426.4 430.5 441.4 457.4 473.7 486.1 495.3 503.3 508.5 512.9 514.2
513.3 514.7 528.7 536.5 540.5 542.3 542.9 541.6 536.0 525.7 513.5 509.9 514.1 522.3 529.9 536.8 544.4 551.4 555.9 558.7 560.1 561.9 564.4 564.2 558.5 548.7 539.0 532.8 530.6 535.0 544.5 555.4 566.0 575.5 583.8 588.1 592.3 596.3 599.3 600.3 597.3 588.4 576.2 564.1 553.0 544.4 541.2 545.1 553.1 559.1 558.5 551.3 542.5 536.2 530.9 522.7 512.4 503.3 494.1 482.0 470.8 461.5 451.3 438.8 428.4 424.5 425.8 428.2 437.3 453.3 471.1 486.0 498.9 512.0 521.0 523.4 527.4
519.3 518.6 532.7 544.4 550.4 552.7 553.6 552.5 546.3 534.4 519.9 514.6 516.4 522.8 530.1 536.7 542.6 547.1 550.8 551.4 555.0 561.1 565.6 565.7 561.3 554.2 547.8 542.7 537.9 538.1 545.6 558.3 571.8 582.7 590.0 594.1 600.8 606.0 607.2 605.2 601.6 595.0 585.2 572.9 561.0 551.1 546.0 549.6 560.7 571.3 572.0 566.9 559.7 554.4 548.8 538.1 523.6 510.6 500.2 490.6 481.7 474.5 467.0 455.7 441.4 430.0 425.9 426.0 431.7 445.8 463.9 479.6 492.4 506.6 522.9 533.7 538.2
522.9 521.5 533.5 547.6 556.3 560.0 562.1 562.2 556.3 543.9 529.4 521.4 518.6 519.5 523.3 529.5 536.0 540.7 543.7 544.7 549.8 557.6 563.5 564.6 561.2 556.6 553.7 551.2 546.7 544.0 547.3 557.1 569.6 580.2 586.9 591.5 600.2 608.2 611.0 609.5 606.6 601.5 592.5 579.7 567.3 556.4 549.7 552.5 564.8 578.1 582.0 578.8 572.9 567.3 560.9 549.7 533.4 517.7 507.3 501.3 495.5 490.0 484.3 475.5 461.0 443.3 429.4 424.5 427.0 439.4 457.8 473.5 484.5 496.2 511.6 522.6 528.8
526.7 525.7 537.9 552.6 562.6 567.8 570.5 569.9 563.8 552.7 541.1 535.7 531.9 528.0 525.3 525.7 528.8 532.6 537.1 539.8 545.8 554.0 560.2 560.7 556.3 551.6 551.0 551.8 548.8 545.5 546.4 553.0 562.1 570.2 576.2 581.9 591.6 601.2 607.0 609.3 609.8 607.3 600.8 590.4 576.0 560.3 549.5 549.8 560.1 571.4 574.0 575.2 572.4 567.6 562.6 554.4 540.3 524.7 514.2 510.4 508.2 505.9 502.1 494.8 481.0 460.2 438.6 425.9 423.1 431.5 447.4 463.4 475.3 486.3 499.4 509.6 517.1
534.2 532.1 540.6 553.7 565.7 574.2 578.4 576.6 569.0 559.1 551.1 547.3 544.5 541.0 536.5 532.9 531.3 532.3 535.5 538.0 543.0 550.8 557.6 558.1 551.3 543.8 543.3 544.8 542.1 539.1 540.0 545.6 553.1 559.5 563.7 568.6 578.8 589.7 597.6 603.0 607.3 608.7 605.3 597.2 581.5 561.3 544.4 539.8 548.7 562.9 571.9 573.8 570.3 564.6 559.1 552.5 543.2 532.5 522.6 517.1 517.6 520.6 519.8 512.0 496.8 474.7 450.7 433.1 424.3 426.4 438.7 455.5 469.9 480.9 490.6 499.5 507.7
543.9 539.9 543.9 553.7 564.6 574.3 580.1 579.1 570.6 558.6 549.3 550.0 552.1 551.5 547.5 542.6 538.9 537.0 537.2 538.7 541.5 546.5 551.5 550.0 540.4 531.5 532.6 534.6 532.4 530.4 531.9 537.7 544.9 550.1 552.5 558.4 567.9 577.4 585.2 592.9 601.7 608.2 608.1 599.7 583.3 562.5 543.4 534.1 538.4 550.8 560.4 566.4 566.8 562.6 556.1 548.7 541.7 535.4 528.5 521.2 522.0 529.4 534.1 528.5 512.0 487.7 461.8 442.3 428.1 423.9 432.0 447.3 461.8 472.6 481.8 491.3 500.3
554.3 547.7 545.8 550.6 558.0 565.5 570.8 571.2 564.6 554.1 545.1 548.9 554.5 556.7 554.7 550.9 547.3 544.6 543.1 542.6 542.4 543.2 543.1 537.7 527.6 520.6 522.8 523.2 520.7 519.5 521.7 527.6 534.1 539.0 542.9 549.2 558.0 568.1 578.5 589.5 599.6 606.1 606.3 599.6 586.1 567.6 546.2 528.6 523.8 533.8 547.8 556.3 559.8 558.1 552.1 544.3 537.9 533.4 528.5 521.7 522.7 531.6 540.4 539.2 524.4 500.0 474.4 453.5 435.2 425.7 427.7 437.9 450.2 462.5 475.2 486.6 495.8
566.0 556.4 548.7 547.2 549.2 553.3 556.8 557.1 552.7 545.1 538.3 543.1 551.6 557.6 558.7 556.4 553.6 551.6 550.5 548.6 546.9 546.1 543.8 536.0 523.9 514.8 514.7 514.2 512.0 510.8 512.3 516.3 520.9 526.1 532.9 541.0 549.7 560.3 572.5 585.0 595.4 602.2 605.1 603.5 592.7 575.2 552.4 529.4 517.3 522.8 538.4 549.0 553.2 551.8 546.5 539.9 534.0 529.1 525.5 521.7 522.2 527.0 532.5 532.1 522.4 505.1 486.4 467.9 446.8 430.6 425.4 431.1 443.0 457.2 471.1 481.9 490.6
570.7 563.1 551.9 542.7 537.4 537.9 542.1 545.2 543.6 538.2 533.5 538.4 546.0 552.3 555.7 556.3 555.0 553.3 551.8 549.2 547.2 546.9 546.7 542.8 533.1 520.5 511.2 507.5 506.3 507.3 509.4 511.0 512.7 517.6 527.1 536.0 545.2 555.7 567.0 578.0 586.8 593.9 600.1 603.6 597.2 583.6 563.0 537.8 517.8 513.6 524.6 536.4 543.4 544.6 542.1 538.7 534.8 529.4 523.9 518.7 515.9 516.9 521.3 524.5 521.4 511.0 496.4 480.2 458.2 436.9 425.7 428.3 440.0 454.5 467.1 478.3 487.7
569.0 568.5 559.3 543.6 530.6 525.9 529.1 533.5 533.5 529.6 527.6 533.5 540.0 544.7 547.6 548.9 549.2 549.0 549.1 546.9 544.1 542.1 541.1 540.1 536.7 528.7 516.0 507.6 505.6 507.8 509.2 507.3 505.9 510.5 521.6 533.1 543.0 551.7 560.5 569.9 578.3 585.2 592.1 596.5 591.0 579.5 562.9 540.4 517.7 505.9 512.4 527.2 538.4 542.5 542.1 540.6 536.8 528.6 519.0 511.5 505.4 503.9 508.1 514.6 516.9 511.1 499.3 484.4 462.1 439.0 426.0 427.5 437.9 449.8 458.5 469.9 482.3
556.4 557.2 551.8 537.8 523.4 515.9 517.8 523.4 525.1 522.7 521.9 528.1 533.9 537.6 539.8 541.6 543.8 545.8 546.9 544.1 539.8 535.6 533.0 532.5 531.6 527.0 517.3 508.8 506.2 507.9 508.5 504.9 501.0 503.6 513.8 526.7 536.9 544.7 552.2 560.7 568.4 574.5 581.1 585.7 579.2 566.4 551.5 534.5 516.2 503.0 501.3 516.3 531.0 539.5 542.4 542.0 539.1 533.7 527.5 521.7 512.7 503.5 499.1 501.9 507.2 507.6 500.6 487.0 466.0 442.7 427.4 425.3 432.0 442.2 453.4 466.8 479.6
551.0 544.9 542.0 533.5 521.0 511.0 508.6 512.2 515.6 516.2 516.9 522.1 527.3 530.2 531.3 533.5 537.6 541.4 542.4 540.6 536.1 529.8 524.5 523.1 524.1 522.9 516.6 506.4 501.6 503.3 504.9 501.9 497.6 498.6 505.9 517.0 526.8 535.3 543.8 552.2 558.8 563.8 570.4 575.6 568.6 554.2 539.7 527.0 513.9 502.3 498.3 511.5 527.0 539.0 546.6 551.0 551.8 549.0 543.7 537.0 524.6 508.1 494.8 491.7 496.4 500.3 497.8 487.4 469.1 446.5 429.3 424.1 428.9 439.3 450.9 462.3 474.3
545.2 533.5 531.1 528.3 519.1 507.2 500.5 502.8 508.8 512.3 512.3 516.2 521.2 524.0 525.3 528.3 532.8 535.7 536.3 536.5 533.2 526.2 518.6 515.0 515.5 515.8 511.4 501.9 497.8 501.0 504.8 502.5 497.2 495.6 500.1 509.4 517.9 525.9 534.9 544.5 551.7 555.8 560.3 564.9 560.0 547.4 532.9 519.5 507.3 498.7 499.0 515.3 532.8 545.3 553.7 560.2 563.6 562.1 557.1 549.9 535.8 516.8 499.8 490.3 487.8 487.5 485.8 479.2 466.7 449.0 431.9 423.0 423.6 430.0 438.2 449.3 463.3
539.7 525.9 520.3 520.1 513.1 501.8 496.1 501.8 511.1 513.8 508.7 510.7 515.4 518.4 520.1 522.7 525.5 527.2 529.1 534.7 535.1 529.0 521.2 515.2 510.9 508.0 506.4 500.0 496.5 498.9 501.8 500.1 495.7 493.3 495.2 503.1 510.7 518.9 528.8 538.7 545.1 548.1 551.0 554.9 553.3 546.5 535.4 520.0 503.2 493.6 499.9 519.3 538.5 552.3 561.9 569.2 573.2 572.6 569.2 563.2 549.1 529.1 509.5 493.7 482.1 474.6 470.7 467.9 462.0 449.9 434.5 424.6 423.0 425.9 429.3 436.6 450.0
535.2 521.0 509.1 503.9 496.1 489.2 492.4 507.4 521.0 521.4 510.5 506.4 507.7 510.7 513.6 516.6 519.2 520.5 521.6 527.8 531.0 530.0 527.4 523.2 516.7 510.4 506.2 498.3 491.9 491.1 493.6 495.1 494.2 493.0 493.2 499.9 507.4 514.3 521.2 528.9 536.6 542.3 545.6 546.5 543.4 538.2 531.1 518.9 502.8 493.2 501.2 520.0 539.0 553.1 561.5 566.9 571.5 574.5 575.8 573.4 562.0 542.9 521.6 502.5 486.4 472.7 461.9 455.2 451.3 446.3 437.7 429.0 424.4 424.1 426.1 430.6 439.6
536.6 526.9 512.3 501.0 488.6 480.6 486.7 506.6 524.4 526.3 513.5 501.9 498.7 502.6 508.4 513.2 517.2 520.0 521.6 527.8 532.6 533.5 531.2 525.4 517.3 510.0 505.9 500.8 492.3 486.8 487.3 490.2 491.2 490.4 490.7 497.8 507.7 516.4 521.5 525.9 532.0 538.1 541.2 540.9 536.6 530.6 523.8 513.3 499.1 491.3 500.3 520.0 538.9 551.7 558.5 562.6 566.2 569.5 572.2 573.8 568.6 555.5 536.1 515.2 497.4 482.9 469.7 454.6 443.3 437.3 434.5 431.9 428.5 425.6 425.0 427.3 431.3
538.8 535.5 525.6 512.8 495.0 481.3 484.2 504.2 524.9 529.7 515.8 497.4 491.9 499.2 508.4 512.4 513.3 514.5 516.9 522.7 528.4 531.3 530.3 524.6 516.6 509.4 504.3 501.7 494.8 487.9 485.6 487.4 489.0 488.4 488.0 493.6 503.2 513.0 519.7 524.0 528.7 533.5 536.3 536.2 534.2 530.3 524.1 513.4 499.1 490.1 495.0 514.6 533.5 545.8 551.6 554.9 558.2 561.5 564.0 565.6 565.0 559.9 547.3 527.8 508.2 492.9 479.7 463.0 451.3 447.4 447.9 447.1 441.1 431.8 425.9 425.3 425.1
543.5 543.9 536.1 523.2 502.3 483.6 481.0 497.4 518.9 528.4 520.1 498.3 486.5 490.3 500.4 506.1 507.2 508.3 512.0 515.3 518.2 521.5 523.7 520.7 512.1 503.3 498.9 497.2 492.1 486.6 483.8 484.2 485.7 487.4 490.0 492.7 498.1 506.2 513.6 518.6 523.2 528.7 534.0 535.0 532.9 527.8 519.3 506.8 493.9 487.0 490.8 506.4 525.7 539.7 545.8 548.5 550.9 553.2 554.3 553.1 550.7 548.9 544.9 534.3 519.2 504.5 491.2 476.3 468.2 467.4 468.0 464.7 454.7 440.7 430.7 427.0 424.8
543.7 547.7 543.2 531.2 509.1 486.8 478.3 488.8 508.4 521.0 518.9 502.1 485.6 481.6 488.5 496.4 500.5 502.7 506.0 508.3 509.0 510.1 512.2 510.9 503.6 495.5 492.7 493.8 490.4 485.1 481.9 482.1 484.3 487.4 491.2 493.3 496.6 502.2 508.3 513.7 518.9 523.7 527.1 528.7 527.3 523.1 516.1 504.5 491.3 483.8 482.7 498.4 519.3 534.8 541.0 543.5 545.7 546.3 543.7 539.3 533.8 531.7 532.5 531.4 525.6 516.2 504.7 492.2 484.1 480.1 477.3 472.5 463.4 451.0 439.7 431.2 425.8
533.4 541.3 542.7 534.5 514.8 491.0 476.4 479.4 494.0 506.3 508.4 500.3 486.6 478.8 481.7 488.7 493.6 496.7 500.0 501.7 501.4 500.6 500.9 499.8 494.6 488.3 485.1 486.4 485.8 484.6 485.2 487.7 490.6 493.4 496.1 500.0 503.3 505.2 507.1 511.6 518.1 522.8 524.3 525.1 521.7 514.5 506.7 498.9 490.0 483.2 481.2 493.8 512.2 527.1 534.3 536.9 537.6 535.9 532.5 525.7 517.5 513.7 516.5 521.3 522.9 520.0 513.5 503.6 492.2 482.7 476.9 471.2 460.3 446.1 436.0 433.4 430.1
523.4 531.9 534.6 531.1 517.7 496.5 477.4 471.5 478.6 488.1 492.9 490.1 481.1 474.2 475.1 481.1 487.5 492.7 496.3 497.1 496.8 495.8 495.1 493.5 489.1 483.4 479.4 480.2 480.9 481.6 484.1 488.6 493.9 498.5 500.9 506.3 509.9 510.2 509.7 512.3 517.1 520.2 520.7 520.9 517.0 508.4 500.0 496.2 494.0 489.5 481.0 489.9 506.0 522.1 532.1 535.9 535.9 534.0 531.5 526.3 517.0 507.6 504.5 507.9 512.5 513.7 510.6 502.8 489.6 476.2 467.5 460.5 450.5 441.4 442.5 449.4 447.1
515.5 524.7 525.2 521.8 513.1 498.3 480.8 468.2 465.5 469.2 473.7 474.9 473.8 473.8 477.7 483.9 490.2 496.0 500.9 504.1 504.0 501.9 499.9 496.6 490.6 484.4 481.0 479.5 478.2 478.1 480.4 485.7 493.4 501.2 506.1 512.9 516.2 516.5 516.4 517.8 519.6 520.1 520.2 519.8 516.1 507.6 497.0 489.4 485.9 483.8 476.1 482.5 496.8 513.5 526.2 533.0 536.2 537.3 536.2 531.5 521.8 509.2 499.5 496.6 499.1 501.9 500.9 494.3 483.4 470.8 459.9 451.1 444.5 444.0 452.6 459.4 456.5
506.7 517.8 519.7 513.5 503.8 493.6 483.0 471.8 462.9 459.8 461.9 466.9 472.7 479.2 485.9 491.8 496.8 501.6 507.2 510.7 508.9 504.3 500.4 496.0 490.1 485.2 482.8 478.4 475.3 476.3 480.7 488.2 497.8 506.9 513.2 520.3 523.4 523.6 523.0 522.6 522.1 521.0 520.4 519.9 518.0 512.7 503.0 491.0 481.3 476.3 472.8 475.8 487.5 504.3 518.8 527.0 530.2 531.7 532.4 530.8 525.4 516.2 505.0 495.0 489.2 487.3 485.9 483.9 479.5 471.7 461.3 451.2 445.7 447.7 456.5 464.6 465.2
